-3.269919994636438787e-03
-3.515341631427873047e-03
-3.551665177510585514e-03
-3.416911472595529457e-03
-3.420670720515772700e-03
-3.592681250884197444e-03
-3.344450851436704241e-03
-3.432928325782995654e-03
-3.317696061276365245e-03
-3.448195547098294005e-03
-3.423077886691316789e-03
-3.568890812748577550e-03
-3.658211876754649105e-03
-3.343750162748620070e-03
-3.265087807376403431e-03
-3.856305641238577837e-03
-3.388459467678330873e-03
-3.444950282282661664e-03
-3.573135407059453272e-03
-4.227031285408884044e-03
-3.220632717129774582e-03
-3.475276424142066320e-03
-3.481051633716560761e-03
-3.669604393944609928e-03
-3.288112667214591021e-03
-3.350903566752094602e-03
-3.265525633469224150e-03
-3.397043152363039484e-03
-3.291436264989897661e-03
-3.260176606418099376e-03
-2.933121832029428333e-03
-3.262120157305616747e-03
-3.745715615805238555e-03
-3.160817322204820777e-03
-3.517226129479240730e-03
-3.596096837427467229e-03
-3.332974351942539180e-03
-3.303006820788141271e-03
-3.550602750037796986e-03
-3.922513935540336907e-03
-3.227047607069835188e-03
-3.078732398571446503e-03
-3.536597809870727169e-03
-3.500775949069065765e-03
-3.670709604048170288e-03
-3.478235363727435418e-03
-3.441999725764617515e-03
-3.057207427045796014e-03
-3.595538153313100182e-03
-3.393196504621300708e-03
-3.395763228181749530e-03
-3.386942999786697432e-03
-3.152204577636439145e-03
-3.282683519064448757e-03
-4.115179351647384881e-03
-3.046300936548505030e-03
-3.325041193165816176e-03
-2.873023731517605327e-03
-3.849850747501477530e-03
-3.837284937035292508e-03
-3.413766433950513480e-03
-3.257802414009347385e-03
-3.331833866250235796e-03
-3.282624128623865510e-03
-3.882202472304925166e-03
-3.420902212383225560e-03
-3.561317124404013174e-03
-3.133993877272587322e-03
-2.924734982079826330e-03
-3.414972261234652459e-03
-3.464538828702643479e-03
-3.145960094116162509e-03
-3.254492601845413238e-03
-2.705110310344025371e-03
-3.480575758148916118e-03
-3.044852069579064967e-03
-3.126105446426663548e-03
-3.204534124233759766e-03
-3.312586911488324230e-03
-2.416421356028877147e-03
-3.465374886873177993e-03
-3.512170270114438417e-03
-3.152109954389743611e-03
-3.085292222676798771e-03
-3.216229632962495054e-03
-3.096472654724493657e-03
-3.322622249252163082e-03
-3.200604319572448921e-03
-3.642557708662934584e-03
-3.263398147828411224e-03
-3.503176695085130719e-03
-3.421367146074771881e-03
-3.981392953428439761e-03
-3.237473377957939945e-03
-3.736437411862425680e-03
-3.036600857449229651e-03
-3.042330894968472369e-03
-3.407649835862685064e-03
-3.625920019403565484e-03
-3.137610788689926180e-03
-3.092093182494864024e-03
-3.369409481820184737e-03
-3.461903509451076492e-03
-3.725400414987234485e-03
-3.067338680557440880e-03
-3.656665438611525921e-03
-3.679391561017837393e-03
-3.840780811442527989e-03
-2.936762340832501858e-03
-3.499286410224158352e-03
-3.253817531513050147e-03
-4.092026263824663848e-03
-3.338911648606881707e-03
-3.622085563256405207e-03
-3.660133165831211920e-03
-3.620436293131206254e-03
-3.462700688978657092e-03
-2.878015843452885920e-03
-3.493012552207801387e-03
-3.169833992433268750e-03
-3.356738367292564154e-03
-3.029304620577022520e-03
-4.039040712814312602e-03
-3.407598289486486395e-03
-3.475878538301912981e-03
-4.243724577536340734e-03
-3.493232916807755776e-03
-3.189724986441433430e-03
-3.957571514183655728e-03
-3.088568119856063311e-03
-3.748375372961163660e-03
-2.709758952260017412e-03
-3.111659571877680754e-03
-3.522253769042435999e-03
-3.405802873312495545e-03
-3.738756102393381298e-03
-3.613348852959461475e-03
-3.041187798371538468e-03
-3.489370273018721665e-03
-3.277237554138992190e-03
-3.038531424535903958e-03
-2.937904381542466754e-03
-3.629293472331482969e-03
-3.334950874850619619e-03
-3.483248846896458330e-03
-3.227466914104297913e-03
-3.500652029761113209e-03
-3.641813515278044880e-03
-3.394039307022467082e-03
-3.444035965076181968e-03
-3.673069446813315240e-03
-2.882508843322284606e-03
-3.515236262464895879e-03
-3.098805925110355124e-03
-3.471204746747389488e-03
-3.315790070919319779e-03
-3.741062936896924051e-03
-3.210694307344965498e-03
-3.194387936673592776e-03
-3.537979245593305799e-03
-3.599651688418816897e-03
-3.237784864904824471e-03
-2.995687393704429217e-03
-3.418660486349835853e-03
-3.300388331990688866e-03
-3.349396230769343882e-03
-3.741938698804006189e-03
-3.259309248533100081e-03
-3.773752997512929037e-03
-3.193962385412305646e-03
-3.724273174011614312e-03
-3.302148217626381735e-03
-3.401084229990374366e-03
-3.156441575265489605e-03
-3.283397911873180228e-03
-3.117660651914775163e-03
-3.248663622653111954e-03
-3.295088133017998362e-03
-3.455162991303950722e-03
-4.012733803829177798e-03
-3.261949801526498049e-03
-3.418844824482221087e-03
-3.054369232850149239e-03
-3.679570230306126229e-03
-3.333439045236445773e-03
-3.290815866203047543e-03
-3.334807135397568553e-03
-3.574425301339943014e-03
-2.706851283437572593e-03
-3.036307058646343666e-03
-3.354558067221660202e-03
-3.710427260375581855e-03
-3.211803407757543062e-03
-3.188998246914707176e-03
-3.179207806533668277e-03
-3.451663961168378609e-03
-2.950743263354524849e-03
-3.682813430787064066e-03
-3.217070211539976334e-03
-3.112990884692408249e-03
-3.554993658908642707e-03
-3.919810835213866085e-03
-3.395526994136162120e-03
-3.274572808877565088e-03
-3.707170320558361622e-03
-3.040931556606665462e-03
-3.331999448710121128e-03
-3.119807544862851501e-03
-3.230138107028324157e-03
-3.846695778192952154e-03
-3.735924326756503641e-03
-3.472883893991820636e-03
-3.532212369318585982e-03
-3.431920876319054410e-03
-3.418689687969162904e-03
-3.603673469042405555e-03
-3.382086055935360370e-03
-3.469240185222588306e-03
-3.382495116384234401e-03
-3.794004316441714972e-03
-3.538470690255053359e-03
-3.551320197875611467e-03
-3.461105684982612642e-03
-3.125758701935410586e-03
-3.838039887195918848e-03
-3.294321924913674524e-03
-3.323372450540773744e-03
-3.365102366078644852e-03
-3.798857414512895030e-03
-3.121356644551269606e-03
-3.200383682269603014e-03
-3.695183229865506291e-03
-3.627855012600775600e-03
-3.475359920412301844e-03
-3.817901414004154590e-03
-3.554681427485775150e-03
-3.465754376084078086e-03
-3.576569961442146312e-03
-3.898973490286152845e-03
-3.477782426343764988e-03
-3.569124220521189324e-03
-3.308392602484673106e-03
-2.880258128861896538e-03
-3.418352356820832799e-03
-3.488877299823798205e-03
-3.143410400953143644e-03
-2.979251761571504245e-03
-3.118582519527990458e-03
-3.008337212813785508e-03
-2.761345060425810308e-03
-3.610018498147837644e-03
-2.957508923136628956e-03
-3.409840709064155834e-03
-3.080865447991527461e-03
-4.142887556226924374e-03
-3.291898362949723360e-03
-3.373754352796822648e-03
-3.326302228961139709e-03
-2.932048381189815856e-03
-3.105756347940768960e-03
-3.076356232922990066e-03
-3.308109551435336679e-03
-3.635277225403115136e-03
-3.427250639360863906e-03
-2.834035182604566390e-03
-2.968949576898012241e-03
-3.248648387088905881e-03
-3.360377625795081449e-03
-3.173740388010628383e-03
-3.314731683640275046e-03
-3.165465737110935342e-03
-3.111835271702148055e-03
-3.402986602159216792e-03
-3.340685887378640542e-03
-2.998894034244585678e-03
-3.762286103155929647e-03
-3.291932329884730227e-03
-3.476887279248330742e-03
-3.682225909433327598e-03
-3.755249582900432783e-03
-4.050050158111844281e-03
-3.866650394047610635e-03
-3.423921406210865635e-03
-3.725552670657634926e-03
-3.587966093327849947e-03
-3.339793870982248319e-03
-3.517351332411635702e-03
-3.476077685481868476e-03
-2.895687519048806193e-03
-3.272599345946218888e-03
-3.261212511570192769e-03
-3.381657602149061668e-03
-3.671327506308443792e-03
-3.486854575166944623e-03
-2.739703613333404047e-03
-3.455272490391507901e-03
-3.391324935219017928e-03
-3.093775784655008500e-03
-3.254430163651704597e-03
-2.849556002038297967e-03
-3.171615088940597967e-03
-3.373679188080131851e-03
-3.065415171731729251e-03
-3.395397838903591210e-03
-3.282593539042864047e-03
-3.328867578529752860e-03
-3.138083243684377643e-03
-3.455753464368172163e-03
-3.082754484494216931e-03
-2.851218970899935951e-03
-2.953655660385265912e-03
-3.410602384828962524e-03
-3.412768482521642052e-03
-3.323044179414864734e-03
-2.798097443010192156e-03
-3.218489059363491712e-03
-3.574835471808910248e-03
-3.146762302494607918e-03
-3.337986585684120811e-03
-3.502688300213776477e-03
-3.100860349950380727e-03
-3.849721512524410891e-03
-3.336651784484274789e-03
-3.304595116351265443e-03
-3.997353920713066916e-03
-3.246055684285238576e-03
-3.462775313819293002e-03
-3.345183423080015737e-03
-3.333552973344922066e-03
-3.195409628388006310e-03
-3.397330473526380921e-03
-3.664213042357004988e-03
-3.114460344659164374e-03
-3.243189899658318817e-03
-3.415799096983391982e-03
-3.503475388279184664e-03
-3.628467394155450269e-03
-3.349524032673798554e-03
-3.114621956192422693e-03
-3.449848628370091354e-03
-3.675919575034640712e-03
-3.448158697574399498e-03
-3.632502915861550788e-03
-3.425126189540605992e-03
-3.069459864054806513e-03
-3.329964700969867582e-03
-3.130989543860778282e-03
-3.253268894331995311e-03
-3.018727058370132207e-03
-3.510787344421260198e-03
-3.648590228403918341e-03
-3.017401643446646509e-03
-3.718091169139370235e-03
-3.803390558459796011e-03
-3.205858819128479687e-03
-3.437645146623253926e-03
-3.120529855950735561e-03
-3.441340110730379924e-03
-3.318606339016696646e-03
-3.265402371180243807e-03
-3.741057743027340499e-03
-2.934905641304794664e-03
-3.448380650079343676e-03
-3.383590216981246894e-03
-3.215926103875972521e-03
-3.334840108582284163e-03
-2.965290297870524019e-03
-3.860950937669258357e-03
-3.125267548020929133e-03
-3.537223713356070325e-03
-2.962599312304519273e-03
-3.050223969621583889e-03
-3.846070035651791893e-03
-3.429464609507703980e-03
-3.651579971192404558e-03
-3.524127840937581017e-03
-3.094892862573033095e-03
-3.210453389328904450e-03
-3.515597000368870812e-03
-3.795261482737259748e-03
-3.617180143482983095e-03
-3.570679204422049381e-03
-3.420767980569507875e-03
-3.957058058003895366e-03
-3.380885872466024046e-03
-4.342738480481785068e-03
-3.699376710574142808e-03
-3.531700964085757871e-03
-3.241328516887733921e-03
-3.110124671657104201e-03
-3.612148104875814118e-03
-3.478532535373233051e-03
-3.314328236156143317e-03
-3.477914520190097513e-03
-3.399948000442236818e-03
-3.191071120672859043e-03
-3.629494368797168188e-03
-3.265288716065697493e-03
-3.677408700750675000e-03
-3.181292967055924115e-03
-3.498390330350957620e-03
-3.837607143213972623e-03
-3.593268166878260499e-03
-3.276977444766089338e-03
-3.172368465457111718e-03
-3.695245972485281319e-03
-3.831454036408104159e-03
-3.107667578442488074e-03
-3.888151413557352706e-03
-3.149487206246704037e-03
-2.923602869850583461e-03
-3.103150732931680891e-03
-3.945828439900651678e-03
-3.797131046885624320e-03
-3.206615107192192088e-03
-3.385961442836560222e-03
-3.775248594174627180e-03
-3.329657390713691625e-03
-3.599959464045241267e-03
-3.834181571437511767e-03
-3.028138695517554671e-03
-3.517265457776375288e-03
-3.596700547495856794e-03
-3.153047904197592202e-03
-3.499248109728796303e-03
-3.347873822785913962e-03
-3.433767606329638303e-03
-3.279899974295403652e-03
-3.288086846587248181e-03
-4.233427483122795786e-03
-3.407559132319875218e-03
-3.568274027493316836e-03
-3.384768863325007208e-03
-3.989536249428056458e-03
-3.246219791471958126e-03
-3.496728035388514330e-03
-3.650214701192453642e-03
-3.645683749055024427e-03
-3.223315558279864646e-03
-3.198735101323109051e-03
-2.892918101279064961e-03
-3.499612825398798824e-03
-3.199439427698962286e-03
-3.506922149972524407e-03
-3.324934201955329505e-03
-3.645753749005962129e-03
-3.902612884412519530e-03
-3.458086108439601888e-03
-3.636839864775538288e-03
-3.903542554762680101e-03
-4.371180100715719302e-03
-3.305930888745933945e-03
-3.557143481739331176e-03
-3.483402710407972492e-03
-3.412272810237482190e-03
-4.140063371451106235e-03
-3.641229524509981188e-03
-3.393293477129191108e-03
-3.391821153054479406e-03
-3.545901392353698750e-03
-3.307143524289131008e-03
-3.413562164059840125e-03
-3.974425996420905167e-03
-3.322730394138489075e-03
-3.463269647036213393e-03
-3.881479345436673802e-03
-3.722021223802585242e-03
-3.261569510214030933e-03
-3.363041119591798477e-03
-3.607136977079790276e-03
-3.391616832814179239e-03
-3.437891981448046742e-03
-3.300587826815899392e-03
-2.954213467310182542e-03
-3.463651064957957732e-03
-3.247595562133938178e-03
-3.317918522516265494e-03
-3.772349180362653126e-03
-3.531533728819340277e-03
-3.119851661613211140e-03
-3.226608974364353257e-03
-3.784357582335360400e-03
-3.369797031045891449e-03
-3.653158422675915201e-03
-3.717206440051086091e-03
-3.391020560811739293e-03
-3.658861376461573084e-03
-3.561396025470457867e-03
-3.323386156407650508e-03
-3.617603772145230184e-03
-3.430964062863495114e-03
-3.534502675756812182e-03
-3.919967208639718245e-03
-3.563810582272708503e-03
-3.135777195275295682e-03
-3.921333295875228768e-03
-3.609105684445239673e-03
-3.433978516550268995e-03
-3.124677290616091271e-03
-3.454934294568374684e-03
-3.521100823418237338e-03
-3.219778558122925443e-03
-3.446925707976333797e-03
-3.501157464634161408e-03
-3.467721805791370692e-03
-3.056909567094407906e-03
-3.328720786084886710e-03
-3.331496875034645200e-03
-3.798988164344336855e-03
-3.846815389115363151e-03
-4.078916386351921081e-03
-3.225289195834193587e-03
-3.315279341186396812e-03
-3.625961478101089562e-03
-3.306941985792946279e-03
-3.637439713929780001e-03
-3.518952384765725461e-03
-3.957834358152468104e-03
-3.978681317530572553e-03
-3.109436812810599787e-03
-4.023896059661638373e-03
-3.301173569197999192e-03
-3.988906874728854850e-03
-3.593086264299927106e-03
-3.211115649901330298e-03
-3.196616199275012938e-03
-3.488587039755657124e-03
-3.740883011487312806e-03
-3.277741345227696071e-03
-3.642923856386914676e-03
-3.546277019195258687e-03
-3.323042908450588636e-03
-3.395843609469011235e-03
-3.615892421512398661e-03
-3.288340053986758046e-03
-4.077053440269083097e-03
-3.604380970937199908e-03
-3.260022183822002331e-03
-3.588484691281337152e-03
-3.411059967183973675e-03
-3.388133713742717910e-03
-3.805652979935984868e-03
-3.734907005564309847e-03
-3.326057918893639016e-03
-3.974041672772727490e-03
-3.570286287576891326e-03
-3.747152200958225876e-03
-3.474739094963297335e-03
-3.522867641004268167e-03
-3.955222638323902841e-03
-3.758788137929514050e-03
-3.299417649395763961e-03
-3.612076428835280309e-03
-3.855304825992789293e-03
-3.304679432476404985e-03
-3.496607237320858812e-03
-3.467070257756858873e-03
-3.231469498423393972e-03
-3.323656263528391736e-03
-3.291737204708624492e-03
-3.570793114777188679e-03
-3.263562881329562515e-03
-3.632685867778491073e-03
-3.586366438248660572e-03
-3.412734704907052167e-03
-3.704712772159837134e-03
-3.389113198791164974e-03
-3.461364120303187311e-03
-3.679345711716450629e-03
-3.747124201036058574e-03
-3.627998062875121676e-03
-3.176134813693352009e-03
-3.505048873194027692e-03
-3.338315962173510256e-03
-3.564144910196773847e-03
-3.407495173742063239e-03
-3.355995699239429017e-03
-3.701571532292291695e-03
-3.405808802926913077e-03
-3.793566550302785063e-03
-3.816642134624998947e-03
-3.499894387205131161e-03
-3.203295978892128915e-03
-3.232155199802946334e-03
-3.260180567158385903e-03
-3.704406734905205632e-03
-3.643478317535482191e-03
-3.209222012374084252e-03
-3.478454922733362556e-03
-3.382225039531476605e-03
-3.371055913448799211e-03
-3.612286372808739751e-03
-3.073680253874044692e-03
-3.126007046084850870e-03
-3.413116029696538958e-03
-3.475784094771370430e-03
-3.754427866952028247e-03
-3.497438295744359407e-03
-3.470702278427779518e-03
-3.363678250752855266e-03
-3.419835291279014339e-03
-3.123124424892011891e-03
-3.357478976249694911e-03
-3.729403763718437508e-03
-3.485163794830441371e-03
-4.020953278522938074e-03
-3.122154221637174574e-03
-3.546513363253325259e-03
-3.516733256401493972e-03
-3.665976600605063123e-03
-3.117834320873953593e-03
-3.815790518419816951e-03
-3.941255704266950592e-03
-3.393447577254846744e-03
-3.863799370592460158e-03
-3.712869793525897053e-03
-3.273554646293632894e-03
-3.634614904294721990e-03
-3.500702871242538251e-03
-3.272756195510737737e-03
-3.225568848429247702e-03
-3.052791931550018559e-03
-3.662078925990499591e-03
-3.121854192286264030e-03
-3.484684083960019104e-03
-3.355181160441133952e-03
-4.008266217424534018e-03
-3.588166356785222732e-03
-3.450992487196344848e-03
-3.856738957692869198e-03
-3.701781683193985234e-03
-4.158997724298387974e-03
-3.193917847529519332e-03
-3.411154785426333356e-03
-3.655913073453120974e-03
-3.313867699180263887e-03
-3.804560335702262663e-03
-3.166586600709706684e-03
-3.745421842904761260e-03
-3.622589310398325376e-03
-3.944725717883556908e-03
-3.590943262679502368e-03
-3.139185209292918565e-03
-3.642067326436517708e-03
-3.408245678292587313e-03
-3.276917335460893723e-03
-3.752163609315175771e-03
-3.065502033859956836e-03
-3.616470502747688633e-03
-3.204155090497806495e-03
-3.495763567043468426e-03
-4.106215002539101606e-03
-2.884337362484075146e-03
-3.028524746769107809e-03
-3.391813511261716589e-03
-3.702980703674256698e-03
-3.178615405049640616e-03
-3.789146664203144488e-03
-3.361945527431089552e-03
-3.593038018734659878e-03
-3.309957377496175468e-03
-3.465396780520677532e-03
-3.153366315236780584e-03
-3.333047823980450717e-03
-3.379887485061772254e-03
-3.779661779117304658e-03
-3.345773585024289665e-03
-3.106693300651386380e-03
-3.117544949054717931e-03
-3.116258699155878380e-03
-3.412230527028441325e-03
-3.626079840760212253e-03
-3.523099414887838083e-03
-3.796354961523320647e-03
-3.402909328287932831e-03
-3.271787711419165291e-03
-3.403136840206570733e-03
-3.867918190662749181e-03
-3.562670806422829541e-03
-3.530279763508588266e-03
-3.877545690629631212e-03
-3.087388267740607400e-03
-3.534447081037797155e-03
-3.769422882905928626e-03
-3.315798164985608518e-03
-3.106392843183130009e-03
-3.136573464726098021e-03
-3.498545427282806399e-03
-3.069286181998904725e-03
-3.534968401945661962e-03
-3.395425400813110225e-03
-3.228828630526550236e-03
-3.448789442772976985e-03
-3.694699888001196086e-03
-3.088586964877322507e-03
-3.406670005060732313e-03
-3.319586331781465387e-03
-3.010015494655817608e-03
-2.464796313142869708e-03
-3.131039970903657342e-03
-3.247586226498242259e-03
-3.213235937873832899e-03
-3.329382651718333468e-03
-3.572348699672147840e-03
-3.288500907365232619e-03
-3.238351081963628583e-03
-3.194548737956211075e-03
-3.682527704513631570e-03
-3.193569740979001082e-03
-3.303341025311965634e-03
-3.258470696746371825e-03
-3.608245267241727387e-03
-3.597005052142776549e-03
-3.476586801407392964e-03
-3.358115632145199959e-03
-3.498864999855868640e-03
-2.930364227504469662e-03
-3.153753942460753128e-03
-3.429759327555075184e-03
-3.052492961869575274e-03
-3.556262755882926268e-03
-3.242155912448652262e-03
-2.849446704494767047e-03
-3.361879072617739422e-03
-3.772695126535836451e-03
-3.722438224940560758e-03
-3.591568462434224871e-03
-3.745861824718304135e-03
-3.653909444838063843e-03
-3.234101021371316251e-03
-3.558929565770085901e-03
-3.282699544215574982e-03
-3.550264799850992754e-03
-3.408438728947658057e-03
-3.853710594121366895e-03
-3.332692460098769360e-03
-3.752549699856899852e-03
-3.183738453662954184e-03
-3.591953363502398047e-03
-3.481536453909939068e-03
-3.484570803702808934e-03
-3.265087888285052135e-03
-2.886628829874098284e-03
-3.552616572706028628e-03
-2.994087036058772164e-03
-3.215833255089819466e-03
-3.089135952759534259e-03
-3.361785607412457518e-03
-3.123697043629363075e-03
-2.957820788142271392e-03
-3.686871048121247423e-03
-3.804466363799292612e-03
-3.241563679766841163e-03
-3.972768113599158511e-03
-3.706502006389200774e-03
-3.515666943858377497e-03
-3.340002179611474466e-03
-3.407596773176919773e-03
-3.518282839213497919e-03
-3.273685087915510078e-03
-3.282420067116618122e-03
-3.149776608915999618e-03
-3.276323781465180149e-03
-4.136157867615111380e-03
-3.230481767968740141e-03
-3.567150980525184319e-03
-3.978267051279544587e-03
-3.867004719795659115e-03
-3.923814653244334788e-03
-3.818015950964763656e-03
-3.330484738689847447e-03
-3.727891274611465616e-03
-3.717253842914942496e-03
-3.698514880379661935e-03
-3.697295200545340933e-03
-3.843674061063211394e-03
-3.326915095676668144e-03
-3.676019166014157270e-03
-3.634981849463656337e-03
-3.254463999182917368e-03
-3.079418264096602659e-03
-3.693154702486935951e-03
-3.360343403182923690e-03
-3.241356340004131111e-03
-3.499179811624344386e-03
-3.515683049627113966e-03
-2.961526566941756911e-03
-3.841056317323818942e-03
-3.522785169188864373e-03
-3.420841501792892814e-03
-3.589334106654859871e-03
-3.397704890812747007e-03
-3.128874712274409831e-03
-3.265043760184198601e-03
-3.502518297464121081e-03
-3.237126630847342139e-03
-3.201377275981940468e-03
-3.631305294693447632e-03
-3.474678634083829855e-03
-3.635741161415353365e-03
-3.594294516369700519e-03
-3.733837864128872891e-03
-3.620897494838572987e-03
-3.005572098481934604e-03
-3.504353833268396539e-03
-3.189604734070598975e-03
-3.351175479183439096e-03
-3.601304226322099566e-03
-3.672606249747332324e-03
-3.763073438312858256e-03
-3.380504006490809947e-03
-3.734940244175959361e-03
-3.605910343467258038e-03
-3.529970939853228559e-03
-3.675537292438093694e-03
-3.519036547513678618e-03
-3.859603077289648285e-03
-4.054919934424106379e-03
-3.304072869359515711e-03
-3.483465316239744286e-03
-3.358100096811540269e-03
-3.426019093312788685e-03
-3.647301943856291664e-03
-3.668076903559267486e-03
-3.324065924389287951e-03
-3.267862607026472774e-03
-3.501287298859097254e-03
-3.401214554032776314e-03
-3.048027423210441979e-03
-3.456556497258134360e-03
-3.137036988046020165e-03
-2.963061943592038179e-03
-3.120975565398111801e-03
-3.438226571888662684e-03
-3.791407953831367299e-03
-3.093460094823967822e-03
-3.534048700821585797e-03
-3.487631894531659834e-03
-3.106012001226190599e-03
-3.405072212917730195e-03
-3.066617092117667007e-03
-3.549457296321634116e-03
-3.402664707391522651e-03
-3.483480159775354142e-03
-3.055132486624643259e-03
-3.742008293629623880e-03
-3.297538768092635967e-03
-4.022781081730499551e-03
-3.541225396329537173e-03
-3.239147016429342208e-03
-3.848289740853942827e-03
-3.167930817580781946e-03
-3.091787092853337353e-03
-3.198033866356126895e-03
-3.512685443856753201e-03
-3.041437708307057671e-03
-3.395272174093406752e-03
-3.267082204692997073e-03
-2.855663202353753150e-03
-2.736796487588435446e-03
-3.107769375492353166e-03
-3.412008687446359614e-03
-3.515025496017188007e-03
-3.834647348558064411e-03
-3.346394886902999324e-03
-3.319466108223423362e-03
-2.990140645997598802e-03
-2.694095043989363884e-03
-3.587263200606685166e-03
-3.213770982692949491e-03
-2.818204331852030165e-03
-3.648937041289173136e-03
-3.671528408594895189e-03
-3.262215040740556928e-03
-3.545520565821789084e-03
-2.936648875474930000e-03
-3.335741236514877701e-03
-3.375099101103842206e-03
-3.281029125791974470e-03
-3.077177588420454239e-03
-3.803393068956211365e-03
-3.072534183738753408e-03
-3.607717634295113263e-03
-3.242131296719890070e-03
-3.433643645548727433e-03
-3.332463721162639506e-03
-3.092743278830312366e-03
-3.204570100060664083e-03
-3.178942353406455281e-03
-3.185359367635101201e-03
-3.098507058457471413e-03
-3.514445965411141376e-03
-3.450580841745249858e-03
-3.236175026395358111e-03
-3.934424196486361637e-03
-3.337914237054064731e-03
-3.861193904886022193e-03
-3.018800270947395031e-03
-3.393164388835430163e-03
-3.181646910961717298e-03
-3.192325443087611504e-03
-3.422328380984254216e-03
-3.369863436964806204e-03
-3.346212345059029845e-03
-3.350625642342492869e-03
-3.358802942093461544e-03
-3.744505110080354089e-03
-3.034162679687142476e-03
-3.379810450132936153e-03
-3.220270210877060942e-03
-2.833063814032357394e-03
-3.155982081079855388e-03
-3.342270811554044502e-03
-3.713227488333359361e-03
-3.556820509256795187e-03
-3.855674994119908695e-03
-3.153684481803793391e-03
-3.198785430431598780e-03
-3.362264778697863360e-03
-3.219972376246005470e-03
-2.911831095698289712e-03
-3.244599647005088749e-03
-3.566256833146326088e-03
-3.081065744045190496e-03
-3.283118654508143663e-03
-3.535953775863163312e-03
-3.255767969822045277e-03
-3.589568330498877843e-03
-3.534258428844623198e-03
-3.091341982944868349e-03
-3.377709367778152123e-03
-3.153015084099024517e-03
-3.106896729150321335e-03
-3.197182851727120492e-03
-3.473664500052109534e-03
-3.572782421251758777e-03
-3.585357522533741056e-03
-3.471941260213497974e-03
-3.526711465092375718e-03
-3.809087431000079873e-03
-3.099660183652304044e-03
-3.703734554583206807e-03
-3.179847572755534375e-03
-3.297892735863569916e-03
-3.683231755858287337e-03
-3.471713970939163240e-03
-3.944894436717732294e-03
-4.087448120990302448e-03
-3.792369852890260448e-03
-3.635046614217572053e-03
-3.595219477429054816e-03
-3.282032728893682222e-03
-3.357999901054427219e-03
-3.050052228354616177e-03
-3.453988499823026567e-03
-3.108845968672540021e-03
-3.902683777851052773e-03
-3.388021902355831290e-03
-2.901950051891617668e-03
-3.470920642721466928e-03
-3.513513871585018794e-03
-3.365527690912131428e-03
-3.247000492701772496e-03
-3.700944727752357791e-03
-3.403237884049303743e-03
-3.536984430102165650e-03
-3.572951697278767703e-03
-3.455538852140307288e-03
-3.611141110304743208e-03
-3.230010307743213897e-03
-3.276569718145765520e-03
-3.002902429434470624e-03
-3.667335981153882832e-03
-3.573227844899520139e-03
-3.560068274673539989e-03
-3.635425398242660058e-03
-3.599080821441020834e-03
-3.675351955462246960e-03
-3.329495287616737308e-03
-3.595324306515976665e-03
-3.305982832389418088e-03
-3.330498106952291086e-03
-3.116925559879746288e-03
-3.732010752719361248e-03
-3.279899449844378943e-03
-3.135251383064314567e-03
-3.371329334331676225e-03
-3.006116974283940934e-03
-3.366472848574630829e-03
-2.879728910920675931e-03
-3.426032687711995286e-03
-3.492084271856583585e-03
-3.257267553417477965e-03
-3.773574838414788142e-03
-3.649653447500895813e-03
-3.048548099177423969e-03
-3.642280597996432230e-03
-3.178445948869921232e-03
-3.341737315058708295e-03
-3.326000106171704638e-03
-3.594424240873195231e-03
-3.785557328083086898e-03
-3.644186962628736919e-03
-3.638688430946785800e-03
-3.502109621767886087e-03
-3.262187453510705278e-03
-3.694149453367572087e-03
-3.000659864919725823e-03
-3.436106789158657228e-03
-3.470374929020181125e-03
-3.133598795393482007e-03
-3.833197440835647493e-03
-3.402377348975278628e-03
-3.394282392691820669e-03
-3.207717948243953097e-03
-3.286349823174532486e-03
-3.620367954717948998e-03
-3.801042484119534527e-03
-3.988189813098869975e-03
-3.044782960787415556e-03
-3.380060322233475849e-03
-2.983747719845269031e-03
-2.885819092625752091e-03
-3.567482045909855636e-03
-3.784106184029951622e-03
-3.060575420240638569e-03
-3.645354614418465714e-03
-3.132066090765875041e-03
-3.643353634688537620e-03
-3.319327083881944314e-03
-3.433500461978837917e-03
-3.203769984538666713e-03
-3.224056371836923115e-03
-3.301440273935440841e-03
-3.612416310934349686e-03
-3.201421957928687195e-03
-3.428269212308805367e-03
-3.379213800071738730e-03
-3.127295580634381709e-03
-3.598329070373438351e-03
-3.491128428431693360e-03
-2.940966400783508964e-03
-3.750159050396177987e-03
-3.239697717363014626e-03
-2.882601915625855344e-03
-3.633067912305705180e-03
-3.323079974215943210e-03
-3.588748133624903788e-03
-3.409789723518770379e-03
-3.210566287161782401e-03
-3.346834349213167852e-03
-3.418988400953821769e-03
-3.204537936253473111e-03
-3.624357114895246888e-03
-3.713758008088916419e-03
-3.628233218914829212e-03
-4.020197632489726051e-03
-3.723112707375548971e-03
-3.657195041887462052e-03
-3.298144447035156104e-03
-3.875630599504802272e-03
-3.470317104365676798e-03
-3.307064573455136425e-03
-3.655215002654586039e-03
-3.489119990845210729e-03
-3.693011056311661447e-03
-3.010317176231183060e-03
-3.720408313092775799e-03
-3.757101952796802063e-03
-3.353428075206465932e-03
-3.735290669137612124e-03
-3.862703788327053259e-03
-3.498721807845868101e-03
-3.924723014060873746e-03
-3.349138713383581576e-03
-3.546090426971204492e-03
-3.310368542443029461e-03
-3.258532556355930691e-03
-3.940101359039545163e-03
-3.391204406216275120e-03
-3.316922148806042935e-03
-3.592211263894569059e-03
-3.662159332307055471e-03
-3.103387300507165578e-03
-3.316749094810802351e-03
-3.120910304714925778e-03
-3.366559400456026283e-03
-3.584072771482169593e-03
-4.201612628967268427e-03
-3.319675135426223417e-03
-3.052814402617514029e-03
-3.611056148656643927e-03
-3.526905709295533650e-03
-3.102621677098795720e-03
-3.725228827097453160e-03
-3.464908822497818602e-03
-3.240934496279805881e-03
-3.445506604621186974e-03
-3.942251353873871093e-03
-3.388672361907083420e-03
-3.421007842407561891e-03
-3.461581424635369435e-03
-3.168323774443706446e-03
-3.381561611022334667e-03
-2.861003645812161111e-03
-3.542599696083925751e-03
-3.168409948702901463e-03
-3.362481709336861881e-03
-3.096868177817668592e-03
-3.458924494043458427e-03
-3.019979865639470587e-03
-3.847462210978847084e-03
-3.840105549897998571e-03
-3.413996718009002385e-03
-3.253041744173970195e-03
-3.793797885882668232e-03
-3.179534870723728281e-03
-3.266121983469929494e-03
-3.792212295520585100e-03
-3.214039155864156783e-03
-3.577811103605199692e-03
-3.817551250685937911e-03
-3.436785735830198783e-03
-3.420893303700722927e-03
-3.146018996194470656e-03
-3.572395403461996362e-03
-3.257195238838903571e-03
-3.641620587732177089e-03
-3.092434268328361074e-03
-3.940181517973542595e-03
-3.337760095892008255e-03
-3.471857098047621739e-03
-3.645510805072263005e-03
-3.471956978319212968e-03
-3.195745862030889648e-03
-3.576096591132227331e-03
-3.131388825131580390e-03
-3.147962451912462555e-03
-3.272012476227246364e-03
-3.639088105992414023e-03
-3.591565408278256811e-03
-3.905324787483550539e-03
-2.951949573762249236e-03
-3.361372704966925171e-03
-3.344262213213369458e-03
-3.606072970433160576e-03
-3.738802151056006516e-03
-3.583896755299065089e-03
-3.551809820346534148e-03
-3.836607215926051036e-03
-3.929832893190905209e-03
-3.252133270143531176e-03
-3.809281671419739550e-03
-3.759820847189985354e-03
-3.996966803679242314e-03
-3.799449520593043382e-03
-3.248872754920739507e-03
-3.226194921007845447e-03
-3.379781323892530089e-03
-3.654593526152894074e-03
-3.383384766348172118e-03
-3.881415313226170734e-03
-3.517576389713212778e-03
-3.709081856650300532e-03
-3.670376165537163771e-03
-2.790668118977919152e-03
-3.540454342728480749e-03
-3.509868424152955569e-03
-3.786316044570412539e-03
-3.294998389901593154e-03
-3.310307152569294184e-03
-2.899708034237846906e-03
-3.268321133218705845e-03
-3.129970724694430915e-03
-3.543728893273510178e-03
-3.123633309733122622e-03
-3.224575103376992220e-03
-3.380110012658405980e-03
-3.140708814607933060e-03
-3.459189921268261865e-03
-3.311523861921159689e-03
-3.338774376315996242e-03
-3.307976178475655494e-03
-3.341691323439590581e-03
-3.472384525812230796e-03
-3.696140259562526089e-03
-3.346904303471091944e-03
-3.365345077472738783e-03
-3.282593188341707130e-03
-3.604240334534551844e-03
-3.197280953754670987e-03
-3.194557493552565783e-03
-3.493119745980948279e-03
-3.256217695306986518e-03
-3.189332765177823464e-03
-3.373874922399409254e-03
-3.722265514661557938e-03
-3.353808422107249550e-03
-3.932080850354395529e-03
-3.374098632484674298e-03
-3.418113677762448996e-03
-3.489715389441698946e-03
-3.104054773284588026e-03
-3.844594662659801387e-03
-3.046976373007055216e-03
-3.205475200084038044e-03
-2.841443123470526258e-03
-3.352480231260415028e-03
-3.535343887924682384e-03
-3.532579859311226877e-03
-3.449138982978183689e-03
-3.335166303440928286e-03
-3.515627820161171084e-03
-3.352262451080605544e-03
-3.188228460494429029e-03
-3.088603516807779826e-03
-3.365976270870305476e-03
-3.391778767690993915e-03
-3.392156235640868701e-03
-3.457305711053777417e-03
-3.056819338817149366e-03
-3.379892455996014178e-03
-3.330643396475352434e-03
-3.312554085277952341e-03
-3.133837570785544691e-03
-3.900046861381270026e-03
-3.220264193951152473e-03
-3.130662586481776106e-03
-3.422022743325215006e-03
-3.542272771010175365e-03
-3.761073665809817630e-03
-2.956900714780203929e-03
-3.811277864151634432e-03
-3.446552433306351165e-03
-3.322458640031982196e-03
-3.453213369357399816e-03
-3.093451256572734513e-03
-3.369468474702444049e-03
-3.669090938055888027e-03
-3.247562681499402762e-03
-3.271635322016663936e-03
-3.529377932427450997e-03
-2.922724611125886249e-03
-3.654866154829505658e-03
-3.255420975037850561e-03
-3.418861506506800513e-03
-3.219106970354914700e-03
-3.663186090416274861e-03
-2.952597056864760677e-03
-3.097861989517696011e-03
-3.262147587665822218e-03
-3.295802426291629620e-03
-3.484295368543826200e-03
-3.361271378817036644e-03
-3.377379819285124350e-03
-3.433792670548427729e-03
-3.325792963441927090e-03
-3.472375748096965219e-03
-3.497108085139188742e-03
-3.105858509952668170e-03
-3.287968973745592025e-03
-3.306492083356715912e-03
-3.211397269042208600e-03
-3.138096603215672232e-03
-3.025870405836030962e-03
-3.268849467858672263e-03
-3.163890090654603981e-03
-3.179028350859880621e-03
-3.446815578499809029e-03
-3.437353626941330644e-03
-3.040293528756592232e-03
-3.204752319143153692e-03
-3.011427270976127935e-03
-3.437749374134000183e-03
-2.869203329610172781e-03
-3.337013386189937453e-03
-3.280242304317653162e-03
-2.975067403749562939e-03
-3.528501421678811520e-03
-3.569408727926201997e-03
-3.333050518704112810e-03
-3.013930512825026969e-03
-3.454194201913196507e-03
-3.259176121500786342e-03
-3.706495875085238402e-03
-3.547845610009972214e-03
-3.261240887222811597e-03
-3.135345952468924363e-03
-2.800004849559627543e-03
-2.751143955974839819e-03
-3.131919841107446648e-03
-3.606479038135148793e-03
-3.250108555075712641e-03
-3.225331569119589247e-03
-3.217997875181026826e-03
-3.178614027274306690e-03
-3.444969863048754841e-03
-3.401225462439469872e-03
-3.497055405750870618e-03
-3.440235890448093553e-03
-3.763479244080372363e-03
-3.345877965912222741e-03
-3.669134065276011703e-03
-3.892807300435379130e-03
-3.736610820051282540e-03
-3.737112147500738519e-03
-3.352101411437615874e-03
-3.853168426430784044e-03
-3.396590517659205978e-03
-3.236627570877317374e-03
-3.309489401872269931e-03
-3.461761395446956262e-03
-3.385146537621040036e-03
-3.322156702924985300e-03
-3.501403687987476605e-03
-3.595432053843978723e-03
-3.307990238827187429e-03
-3.584376993239857343e-03
-3.301458209753036291e-03
-3.470704259816556961e-03
-3.510173936665523901e-03
-3.561349187511950523e-03
-3.635123787098564364e-03
-3.424056866206228681e-03
-3.272934552514925651e-03
-3.267054319003364227e-03
-3.642196238215547003e-03
-3.160656368127092580e-03
-3.089249693730380508e-03
-3.473493375931866606e-03
-3.420459995104465668e-03
-2.562645937141496896e-03
-3.368431304406840302e-03
-3.380124854156747478e-03
-3.172962780226953449e-03
-3.620500413235276747e-03
-3.309590524295344827e-03
-3.209374505677260563e-03
-3.823300837248098070e-03
-3.056421623914502665e-03
-3.134554367279633689e-03
-3.619428178644739248e-03
-2.984033897519111633e-03
-3.661766115692444232e-03
-3.405097683425992606e-03
-3.150182270328514417e-03
-3.300944426446221752e-03
-3.634705972508527495e-03
-3.113595272297970881e-03
-3.801663124468177349e-03
-3.398392911767586858e-03
-3.408900614012964035e-03
-3.492079533461946855e-03
-3.667187757091596584e-03
-4.140552832395769968e-03
-3.589012961601838452e-03
-3.783152362448163192e-03
-3.850522883585654182e-03
-3.842090182297397492e-03
-3.908222007448784903e-03
-4.136123246571515172e-03
-2.601232777233235434e-03
-3.624071670346893422e-03
-3.531848821148742077e-03
-3.445644848106894486e-03
-2.912349940452258878e-03
-3.755821398808621009e-03
-3.324845666938927146e-03
-3.645802811661269516e-03
-3.130973947118036345e-03
-3.476197520503774077e-03
-3.470047162263654311e-03
-3.324650395079515718e-03
-3.383968575217295455e-03
-3.568797981715761056e-03
-3.485472534666769068e-03
-3.256875026854686231e-03
-3.581956079287920269e-03
-3.627939299040008198e-03
-3.412030538602266443e-03
-3.170412092003971338e-03
-3.310839537880383345e-03
-3.349088879185728625e-03
-3.580861142836511135e-03
-3.474795210640877277e-03
-3.645556973060592922e-03
-3.713863038283307053e-03
-4.015567516034934670e-03
-3.524632077896967721e-03
-3.694248363026417757e-03
-3.680604115943424213e-03
-3.321085655479691888e-03
-3.753695589257404191e-03
-3.826939917635172397e-03
-2.912118726817425254e-03
-3.584922115260269580e-03
-3.311278320034034394e-03
-3.396486435376573545e-03
-3.288686307205353036e-03
-3.972536086803301995e-03
-3.868420925573446030e-03
-3.393210741924121768e-03
-3.602887114975601452e-03
-3.891503455815836614e-03
-3.876406848139595223e-03
-3.418597166892140948e-03
-3.589996899827383424e-03
-3.482450802111998131e-03
-3.715260940953158016e-03
-3.361246939748525550e-03
-3.135486023384146444e-03
-3.956468368705827465e-03
-3.833579338388517447e-03
-3.479619213612750086e-03
-3.301904893887694804e-03
-3.813454515184275858e-03
-3.342271098226774328e-03
-3.323430784803349525e-03
-2.824085120519157638e-03
-3.344026743434369564e-03
-3.461320889764465600e-03
-3.964621168561280155e-03
-3.220470144005957783e-03
-3.266630360158160207e-03
-3.212890145077835959e-03
-2.882583993487060174e-03
-3.224645143782254274e-03
-3.268587345955893588e-03
-3.143408638425171549e-03
-3.347591766214463860e-03
-3.741639781801495666e-03
-2.996769616147503066e-03
-3.326663693878799573e-03
-4.102632394060492724e-03
-3.356086721178144425e-03
-3.450401175359729851e-03
-3.132866289233789039e-03
-3.232076298736501641e-03
-3.444811647059395961e-03
-3.839574380544945494e-03
-3.188964562723413301e-03
-3.687049291911534844e-03
-3.655397271504625539e-03
-3.406288847618270648e-03
-3.240863630198873632e-03
-3.837624863372184492e-03
-3.806809122324921000e-03
-3.470648099610116385e-03
-3.412246549269184678e-03
-3.302787661668844452e-03
-3.568687418883200770e-03
-3.505390465725213324e-03
-3.423995812481735092e-03
-3.674549061106517894e-03
-3.351816954382229579e-03
-3.174258249346166658e-03
-3.247493740927893859e-03
-3.773126617306843573e-03
-2.995626547490246646e-03
-3.308107272314373543e-03
-3.224398076417855832e-03
-3.491620084969326680e-03
-3.500472896557766962e-03
-3.178612115443684057e-03
-3.445999868854414568e-03
-3.112815773347392748e-03
-3.335959615651517933e-03
-3.524305101018399087e-03
-3.464737429749220436e-03
-3.481437906448263658e-03
-3.424277684243861534e-03
-3.212610859482083452e-03
-3.291388353100046724e-03
-3.415610510273836553e-03
-3.496996612520888656e-03
-3.322094293544069089e-03
-3.129408920649439253e-03
-3.295119726535631136e-03
-3.452118857530877150e-03
-3.476806654653046436e-03
-3.432598111394327169e-03
-3.247329675359651637e-03
-3.700739878113381686e-03
-3.324017865234054833e-03
-2.949550310149788666e-03
-3.327863167651230487e-03
-3.724000871152384051e-03
-3.092312365770340070e-03
-3.257673429907299422e-03
-3.085277552600018680e-03
-3.528660691808909074e-03
-4.032703158009099190e-03
-3.581355309288483321e-03
-3.241621167981065775e-03
-3.915863935835659296e-03
-3.647492783493362211e-03
-3.625557568157091858e-03
-3.187610136228613469e-03
-3.419922163593582844e-03
-2.652905928553082188e-03
-2.939948674465995161e-03
-3.089141948148608346e-03
-3.182230406964663225e-03
-3.371816251019481379e-03
-3.319194349460303714e-03
-2.783423195360228575e-03
-2.700067007099278202e-03
-3.297679267125204310e-03
-3.047070000320672989e-03
-3.117079476069193212e-03
-3.339988216466735927e-03
-3.199786896293517306e-03
-3.583212308003567211e-03
-3.011729643912985747e-03
-2.937824059335980478e-03
-3.372854064800776507e-03
-3.351502193545457132e-03
-3.250533923564944468e-03
-3.411972814938053333e-03
-3.182242950424552051e-03
-3.593575612758286280e-03
-3.059807435492984881e-03
-3.090344810043461638e-03
-2.856267701718024840e-03
-3.231746703968383337e-03
-3.817142483894713292e-03
-2.862641488027293027e-03
-3.153246598085388680e-03
-3.465292466571554420e-03
-3.169481213262770325e-03
-3.021330181509256432e-03
-3.413515923894010554e-03
-3.759157594176940672e-03
-3.310217898688279023e-03
-2.774798956816084891e-03
-3.370619390625506813e-03
-3.902299066830892081e-03
-3.272847849875688657e-03
-3.846089445869438177e-03
-3.650471680593909540e-03
-3.182109010522253881e-03
-3.102283028420060960e-03
-3.368762020545546139e-03
-3.857285316335037385e-03
-3.720264903968200244e-03
-3.455277484317775642e-03
-3.256481994176283271e-03
-3.728111314121633751e-03
-3.327611736604012445e-03
-2.997632015612907742e-03
-3.399758587038377231e-03
-3.415535379317588983e-03
-3.833053189446218156e-03
-3.666812943993136460e-03
-3.592941067472565832e-03
-3.603200213401578506e-03
-3.575690495781600527e-03
-3.774343202239833703e-03
-3.811501986347139073e-03
-3.284953651600517211e-03
-3.217305796279106185e-03
-3.293427960306871596e-03
-3.311472982168197667e-03
-3.781647114665247309e-03
-3.949099316669162432e-03
-3.435942568758036750e-03
-3.509160297689959372e-03
-3.647377593442797765e-03
-3.749881310941418494e-03
-3.108734799898229401e-03
-3.158521151053719084e-03
-3.216724030789919024e-03
-3.380528649140615224e-03
-3.519038798112887785e-03
-3.136190015065949428e-03
-3.198238975019194238e-03
-3.005279219069052418e-03
-3.234856858616694600e-03
-3.583206641487777198e-03
-3.299250247655436188e-03
-3.483415123773738777e-03
-3.170120975992176630e-03
-3.190717927936930019e-03
-3.175120356609113358e-03
-3.099171327776275697e-03
-3.497271690866909834e-03
-3.314945232705213303e-03
-3.848707601136993738e-03
-3.259072143700905352e-03
-3.207384601701051153e-03
-2.773130923160351934e-03
-3.204480173590127517e-03
-2.949784056982025435e-03
-3.049132041342090746e-03
-3.076788496691733755e-03
-3.163799096946604515e-03
-3.199810060905292509e-03
-3.510599425644613837e-03
-2.822821094887331163e-03
-3.267098854994401197e-03
-3.369055155199021309e-03
-3.123936101328581710e-03
-3.459889437071979150e-03
-3.450580154312774331e-03
-3.043069685227237607e-03
-2.839712984277866989e-03
-3.363932156353257631e-03
-3.468099148012697679e-03
-3.376844475278631061e-03
-3.534741096955258590e-03
-3.240496570651884949e-03
-3.409439699025824857e-03
-2.875951220630668104e-03
-3.762151965056545998e-03
-3.566575298900716024e-03
-3.055011061369441484e-03
-3.521730915817897906e-03
-2.718565508257597511e-03
-2.715863189368974279e-03
-3.440049409400671929e-03
-3.016353090642951307e-03
-3.459320671390742150e-03
-3.007290458772331459e-03
-3.252775295695755492e-03
-3.113067219092045031e-03
-3.449997094285208767e-03
-3.460412886051926658e-03
-3.554820499266497704e-03
-3.488337899616453588e-03
-2.716987073363270454e-03
-3.087967090541496665e-03
-3.345962046296335757e-03
-3.253850603359751455e-03
-2.875488782301544987e-03
-3.401626561826560577e-03
-3.341572515928419463e-03
-2.750159568968229152e-03
-3.350104517303407158e-03
-3.538850554905366083e-03
-3.028195094957482000e-03
-3.689040274475701049e-03
-3.127378860663157165e-03
-3.215438523620832607e-03
-3.491641465225256945e-03
-3.217730121104977851e-03
-3.213629427482374117e-03
-3.247438767575658910e-03
-3.078429673332720891e-03
-3.155027599423192424e-03
-3.247186967637389916e-03
-2.859945152595173498e-03
-3.529976478894241310e-03
-3.352743852883577173e-03
-3.392845009511802172e-03
-2.934301994973793730e-03
-2.797323455160949292e-03
-2.884669324557762472e-03
-2.744515331869479269e-03
-3.267807614465709828e-03
-3.322285212634596904e-03
-3.096044972189702059e-03
-3.357795854099095059e-03
-2.720485563622787682e-03
-3.175536930793896456e-03
-3.064416718552820471e-03
-3.035588801431004114e-03
-3.195902670559007657e-03
-2.764188673172611726e-03
-2.982260259741451470e-03
-3.226937355066183954e-03
-3.024590915592853015e-03
-3.556181184831075197e-03
-3.157047216664068262e-03
-2.818309477879665705e-03
-3.056095130159519439e-03
-3.766223846469074488e-03
-3.727560857078060421e-03
-2.639813396090175818e-03
-3.542917867889627814e-03
-3.325860114709939825e-03
-3.202532968716695957e-03
-3.475309706991538440e-03
-3.553503255825489655e-03
-3.110498133464716444e-03
-3.288707925530616211e-03
-3.504551520454697415e-03
-3.679041503346525133e-03
-3.240606765612028678e-03
-2.998834060272201861e-03
-3.352395311230793509e-03
-3.449731176951900333e-03
-3.321460374863818409e-03
-3.384499340027105011e-03
-3.569860434799920681e-03
-3.561645318113733274e-03
-3.151841218641493643e-03
-3.462961960467509856e-03
-3.561614966602064721e-03
-3.210047096945345575e-03
-4.121676298091188351e-03
-3.283846306148916535e-03
-3.673275616311002384e-03
-3.445475111366249482e-03
-3.459234378533437935e-03
-4.002100504876580402e-03
-3.699027212569489919e-03
-3.775383585016243125e-03
-3.225537087128031895e-03
-3.162025932106189274e-03
-3.410054880951065605e-03
-3.721338092582300149e-03
-3.195500164001714542e-03
-3.303275318467058328e-03
-3.208270837785675948e-03
-3.573329412611201371e-03
-3.345433735812548565e-03
-3.303804078896064190e-03
-3.399231494695413927e-03
-3.382981942559126851e-03
-2.874847281782422301e-03
-2.808055089844856220e-03
-3.336048190249130130e-03
-3.150045512593351200e-03
-3.723510705749504164e-03
-3.573211323819123174e-03
-3.640075970324687781e-03
-3.454717026324942604e-03
-3.380764503381214828e-03
-3.600180796347558342e-03
-3.536170494917314534e-03
-3.060443097492680092e-03
-3.232344246353022893e-03
-3.435279126424575086e-03
-3.550392101169563917e-03
-3.533311783394310710e-03
-3.384910083259455842e-03
-3.456089179380796971e-03
-3.412447241717018239e-03
-3.488341401971410856e-03
-3.605062831193208903e-03
-3.519365021493285877e-03
-3.846679597336333158e-03
-3.594020685704890725e-03
-3.820248014235403267e-03
-3.547049193875864183e-03
-3.575389802572317630e-03
-3.576333827804774063e-03
-2.945902629871852835e-03
-3.087373414891772007e-03
-2.982859093172010069e-03
-3.944289357750676434e-03
-3.003152698511257768e-03
-3.718425432743970461e-03
-3.168395596876507486e-03
-3.375344123633112602e-03
-3.401073344866745087e-03
-2.998375480528921080e-03
-3.287027224723715422e-03
-3.069711009447928692e-03
-2.865427814540453134e-03
-3.380383382900618155e-03
-3.338994933292269499e-03
-3.432151308516040444e-03
-3.607826450897846579e-03
-3.319197598029859433e-03
-3.342057097470387938e-03
-3.273085372929926753e-03
-3.207503753365017508e-03
-3.775349320785608039e-03
-3.476891894242726058e-03
-3.817209496628492897e-03
-3.333815170335583267e-03
-3.434776601789053547e-03
-3.424184742907527852e-03
-3.801190839440096291e-03
-3.566400154377333785e-03
-2.964646372129209426e-03
-3.136918024392798370e-03
-3.332579522393643977e-03
-3.338740462204441584e-03
-3.151802263746503793e-03
-3.365886906394735100e-03
-3.162791395734530081e-03
-3.759034494287334226e-03
-3.605599992442876274e-03
-2.903069652966223501e-03
-3.367494326957967167e-03
-3.416580306657124397e-03
-3.676885202294215629e-03
-3.325314490066375722e-03
-3.639863189018797268e-03
-3.782787052041385219e-03
-3.654158193385228636e-03
-3.788034189201425813e-03
-3.185069821483921260e-03
-3.081109861668665083e-03
-3.518762789026368479e-03
-3.317048245371552028e-03
-4.173445881460793698e-03
-3.133766812388785218e-03
-3.568557269172743102e-03
-3.117026385734788900e-03
-3.200251069501973498e-03
-3.668475240119732726e-03
-3.580681502935476740e-03
-3.763098546769469855e-03
-4.117848664172925333e-03
-3.639803802361711842e-03
-3.456160358618945092e-03
-3.576068944530561358e-03
-3.282518786145374387e-03
-3.297123889205977407e-03
-3.222637661383487458e-03
-3.182156762049999279e-03
-3.515625089930836302e-03
-3.068271217052824951e-03
-3.395161323715001258e-03
-3.372070592595264107e-03
-2.900708779634442180e-03
-2.999147043738048524e-03
-3.169243486772757058e-03
-2.904831638734322024e-03
-2.601738709490746242e-03
-3.636261089122854069e-03
-3.157346735242754377e-03
-3.076906670466996938e-03
-2.644982358324341268e-03
-2.573541501187719301e-03
-2.769651123380754108e-03
-3.305760436051059445e-03
-2.978157665347680536e-03
-3.232894646353088285e-03
-3.134220307110808634e-03
-3.330044209724292072e-03
-3.358648522407747805e-03
-3.529881195281632349e-03
-2.685784996428992790e-03
-2.894710627151653084e-03
-3.168149198754690535e-03
-3.411417985043954312e-03
-3.329071881016716465e-03
-3.327412341895979054e-03
-3.066687015525531180e-03
-3.213844380807131477e-03
-3.074360034661367466e-03
-3.250624200154561463e-03
-2.431866453262045927e-03
-3.304057205677963811e-03
-3.336341380199883341e-03
-3.096510941395535978e-03
-2.826715508708730132e-03
-3.172088018618524248e-03
-3.093411300214938750e-03
-3.665754253743216343e-03
-3.178468684782274119e-03
-2.886547850794158807e-03
-3.001496221695560979e-03
-3.602567361667752266e-03
-3.648138964781537635e-03
-3.493242820259183628e-03
-2.985403420752845514e-03
-3.531437174242455651e-03
-2.964338611345738311e-03
-3.794716759875882330e-03
-3.672247578215319819e-03
-3.192122392938472487e-03
-3.176091848872601795e-03
-3.208679149975068694e-03
-3.132465233211405558e-03
-3.047350234410259751e-03
-4.152889030519872973e-03
-3.638205769530031969e-03
-3.196531386056449247e-03
-3.243355980957858195e-03
-3.878927226178348082e-03
-2.968189344974234492e-03
-3.446955958497710699e-03
-3.212110690074041538e-03
-3.535140815074555576e-03
-2.622889223275706293e-03
-3.414161169202998159e-03
-3.724263792391866324e-03
-3.867077496252022562e-03
-2.894549253105651622e-03
-3.189980606839526358e-03
-3.117211945937015290e-03
-3.020212077826727251e-03
-3.184634814970195484e-03
-3.423916034807916904e-03
-3.089793731342069770e-03
-3.234899616800248744e-03
-3.359372614650055905e-03
-2.910770408052485488e-03
-3.677487972890958016e-03
-3.577985702577279881e-03
-3.151779065665323391e-03
-3.387101613625418273e-03
-3.089333443203941092e-03
-3.075235198193695344e-03
-3.080193891073577071e-03
-3.148836253240006131e-03
-3.650126165593974362e-03
-3.631923022330738396e-03
-3.766424549394286996e-03
-3.343223623232915998e-03
-2.999460996943525797e-03
-3.387246541678905296e-03
-3.309244999545626204e-03
-3.031902875518426368e-03
-2.849716145574348117e-03
-2.773047516820952192e-03
-3.375757839530706302e-03
-3.073711023898795074e-03
-3.254454205743968678e-03
-3.537396942847408163e-03
-3.318044902989640988e-03
-3.256066397007089264e-03
-3.231487825396470691e-03
-3.225079234689474071e-03
-3.331545319815631869e-03
-3.574551153578795545e-03
-2.969735351216513594e-03
-2.892479846777859954e-03
-2.980525842867791549e-03
-3.206803515204228495e-03
-3.008057166589423858e-03
-3.206087047583423572e-03
-3.043843877967447077e-03
-3.076656186603941162e-03
-3.179815246257931046e-03
-2.791410841746255842e-03
-3.388756348140304926e-03
-3.889008406404173123e-03
-3.124783214298077014e-03
-2.913923845626413631e-03
-3.073001486482098647e-03
-3.784619704965735010e-03
-2.686135474359616776e-03
-2.850730104255490196e-03
-2.951377881399821438e-03
-2.843876612023450538e-03
-3.347048228606581619e-03
-2.846252771851140798e-03
-2.750089742185082321e-03
-3.561538202920928702e-03
-2.890061496291309456e-03
-3.054493597592227144e-03
-3.071939869550988165e-03
-3.639050515193957818e-03
-2.944555298308841780e-03
-2.916313887981232186e-03
-2.963945969240740132e-03
-2.775304520328063327e-03
-2.666427216317970340e-03
-3.119552331627346506e-03
-3.421024066337850084e-03
-2.960554707678966432e-03
-3.505979099427349813e-03
-3.302222657148377004e-03
-3.227235280792229051e-03
-3.212434088927693457e-03
-3.455012977356090951e-03
-3.217153063742443989e-03
-3.060494985838886194e-03
-3.036443745950237125e-03
-3.484963199007324718e-03
-2.993368725874461390e-03
-3.196153831086121552e-03
-3.267707514169160277e-03
-3.247311464510857851e-03
-3.683355626999400452e-03
-3.306861954042688082e-03
-2.996801696426700922e-03
-3.419633480662014145e-03
-3.075649237725883861e-03
-2.954075806774199113e-03
-2.949023308174219052e-03
-3.673831543710548604e-03
-3.744929275126196271e-03
-2.764397792780073394e-03
-3.287967959186062321e-03
-2.866682302556000823e-03
-3.323397953063249484e-03
-2.960976848698919448e-03
-3.587378948577679520e-03
-3.678569110925309325e-03
-3.167060224805027212e-03
-3.443054652307182741e-03
-3.346454814600292611e-03
-3.573819554294459504e-03
-3.653195924125611678e-03
-3.661406933097168838e-03
-2.881255252868868307e-03
-3.254479925089981407e-03
-3.115934131492394989e-03
-3.367762478883378104e-03
-3.422785019793081907e-03
-3.357061948045156861e-03
-3.538152697146870317e-03
-3.629849999852012912e-03
-3.605489526526070923e-03
-3.280289807007648242e-03
-3.283353849546983682e-03
-3.409855367208365542e-03
-3.052275433146860520e-03
-2.933489138376898977e-03
-3.352726155426353095e-03
-3.631836326676420989e-03
-3.416929835220798746e-03
-4.015474131156224549e-03
-3.613087861158419383e-03
-3.073823986051138577e-03
-3.075494962686207024e-03
-3.093490434403065557e-03
-3.450332496722694625e-03
-3.279806050704792055e-03
-2.986639768059831147e-03
-3.135112598538398760e-03
-3.583490256860386632e-03
-2.798415942816063779e-03
-3.688026118907146347e-03
-2.906052422185893998e-03
-3.429815970303025114e-03
-2.988968848076183332e-03
-3.451882184890564531e-03
-3.490301386336795795e-03
-2.526176571482210281e-03
-3.253160110907629167e-03
-3.253047671169042449e-03
-2.950467477203346737e-03
-3.311182230536360155e-03
-2.909482978575397491e-03
-3.038359047786798415e-03
-2.722760670585557853e-03
-3.294389390503056538e-03
-3.479288756498135488e-03
-2.968060409184545417e-03
-3.112903431465383584e-03
-3.525767966057173890e-03
-3.051395759684964824e-03
-3.119381913274992153e-03
-3.402949540759436960e-03
-3.035542763827834330e-03
-3.624159815371967922e-03
-3.085457006818614900e-03
-3.029340718348976381e-03
-3.368397789890877937e-03
-3.322500254143960583e-03
-3.213829643209464935e-03
-3.101661001273896701e-03
-3.096833560848608665e-03
-3.282417975133285030e-03
-3.258714953844901296e-03
-3.196175349294208025e-03
-3.028154859784990514e-03
-3.283769544214010412e-03
-3.575981651229085193e-03
-2.816599647630937519e-03
-3.517402285360731341e-03
-3.502664222614839708e-03
-2.903131803032010880e-03
-3.855234443617518939e-03
-3.470099900732748297e-03
-3.105768600362353218e-03
-3.106297943741083162e-03
-3.511574260774068517e-03
-3.071345490752719343e-03
-3.225749655102845212e-03
-3.079386254248674994e-03
-2.684051165706477851e-03
-3.152690140996128494e-03
-3.429335957625880872e-03
-3.168849202047567971e-03
-3.367385826422833028e-03
-3.586643832386471418e-03
-3.311156725394539570e-03
-3.665759912983048742e-03
-2.856918783218134403e-03
-2.790882613044232304e-03
-2.792717705597169784e-03
-3.130313369329087297e-03
-3.085407649050466664e-03
-3.066234989382792420e-03
-3.493328461190685439e-03
-2.800931461970321799e-03
-3.390481099631870339e-03
-3.542459575110115319e-03
-3.169148426968604240e-03
-3.030162547947838885e-03
-3.373534531419863924e-03
-3.429257227689959126e-03
-3.495061556459404424e-03
-3.187620629323646530e-03
-3.946328754245768955e-03
-3.322156813665060396e-03
-3.149103349132929049e-03
-3.623141493299044703e-03
-3.365335690032225050e-03
-3.621811404009349800e-03
-3.153564582462422671e-03
-3.421774563612416543e-03
-3.475217750528827518e-03
-3.016040597576648101e-03
-2.918927546706981749e-03
-3.408881903160363228e-03
-3.830232574546244169e-03
-3.367232510936446314e-03
-2.972341153654269735e-03
-2.994497538020368752e-03
-2.860068021400366187e-03
-3.528503850102424760e-03
-3.169387839443516073e-03
-3.176912845228798896e-03
-3.413968221575487422e-03
-3.221481796354055613e-03
-3.079054250847548368e-03
-3.227721660514362191e-03
-3.297897237353026711e-03
-3.312027658394072274e-03
-3.023507454781792884e-03
-3.073266103165224038e-03
-3.350351015105843336e-03
-3.187179529340937890e-03
-3.562714958679862303e-03
-3.050055291969329223e-03
-3.247877348912879634e-03
-3.166421954229008302e-03
-3.421873773040715397e-03
-3.126992241304833633e-03
-3.049089607957284828e-03
-3.165324771980522218e-03
-3.388824687863234604e-03
-3.021839867578819238e-03
-3.234345991659210925e-03
-3.083811575779691391e-03
-2.887586042052134924e-03
-3.190909514960367337e-03
-3.305535293475258922e-03
-3.529186874511651591e-03
-3.436462376848794728e-03
-3.128489240771159443e-03
-3.867393029213417495e-03
-3.126518838689662429e-03
-2.997085292008705437e-03
-3.083190305624157034e-03
-3.434759697993285902e-03
-3.226748622255399754e-03
-3.561575787607580267e-03
-3.119077733426820626e-03
-3.914305913494900251e-03
-3.017442972050048480e-03
-3.687058670329861499e-03
-3.874673558166250552e-03
-3.369551154901273375e-03
-3.566464156028814527e-03
-3.065146184235345659e-03
-3.163237069966271658e-03
-3.433939359383657384e-03
-3.529193928698077989e-03
-3.143011848733294825e-03
-3.453898724401369569e-03
-3.618272165185771813e-03
-3.811971140094101620e-03
-3.349319359986111574e-03
-3.152562367322388898e-03
-3.528930537722772126e-03
-3.480063139577396335e-03
-3.394778619258431631e-03
-3.408672892546746758e-03
-3.210174969863146491e-03
-3.376956077991053254e-03
-3.665839117020368385e-03
-3.307230625941883807e-03
-3.098197074723430151e-03
-3.601757612777873718e-03
-3.507126777549274266e-03
-3.386078581970650755e-03
-2.971588718646671519e-03
-3.495167249930091358e-03
-3.626928599551320232e-03
-3.663095957890618714e-03
-3.383767617633566451e-03
-3.349635395570657939e-03
-3.269582455977797664e-03
-3.432566169067285955e-03
-3.306268155574798497e-03
-3.748578849481418607e-03
-3.507629653322510629e-03
-3.465978461172198721e-03
-3.433718775631860055e-03
-3.478019061149098100e-03
-2.904236163012683357e-03
-3.407514102873392473e-03
-3.401069024112075671e-03
-3.675779290206264514e-03
-3.588954546721651994e-03
-3.290280556975631009e-03
-3.571468586451373960e-03
-3.273160343233030324e-03
-3.586776961456053080e-03
-4.262148689012974605e-03
-3.274859013472450776e-03
-3.257371885119937204e-03
-3.350729619269259343e-03
-3.418727132957428798e-03
-3.541046386817470366e-03
-3.430633898096857506e-03
-3.438163845567032782e-03
-3.316722031740937382e-03
-3.540902413224102790e-03
-3.226776283408980955e-03
-3.362029874697327475e-03
-2.888137541303876978e-03
-3.632512521871831407e-03
-3.592407628311775590e-03
-3.016684955218806776e-03
-3.821564389218110383e-03
-3.794985366403125140e-03
-2.978878475842066179e-03
-3.076580123160965567e-03
-3.558833914576098410e-03
-3.334168825676897714e-03
-3.228140433784574236e-03
-3.673162002523895370e-03
-2.885247130179777620e-03
-3.199528348341118631e-03
-3.106943578459322574e-03
-3.321492322720587340e-03
-3.134508899529464630e-03
-3.272044563200324913e-03
-3.151345132500864721e-03
-3.120583459967747175e-03
-3.028702908195555089e-03
-3.286383644881425529e-03
-3.186971187096787530e-03
-3.002582686895038846e-03
-3.305655346484854921e-03
-3.502542046189773776e-03
-3.597946051449980431e-03
-3.367873056849930540e-03
-3.610562350950203680e-03
-3.229050876980181853e-03
-3.096615576068870602e-03
-3.366666840738616676e-03
-3.493010756210424093e-03
-3.279278904665261594e-03
-3.346160422079265135e-03
-3.287156331352889416e-03
-3.474585600197315112e-03
-3.509475259343162144e-03
-3.795717914472333896e-03
-3.679311978485202365e-03
-3.297855449200142071e-03
-2.950392299680970609e-03
-2.793304096558131208e-03
-3.409392778994515399e-03
-3.346478545281570283e-03
-3.674363390891812776e-03
-3.785270032822154584e-03
-3.559498661488760384e-03
-3.342900463758269412e-03
-3.436666670313570822e-03
-3.414455212187022127e-03
-3.036073656985536096e-03
-3.715668420190922951e-03
-3.163037964259274477e-03
-4.143060620990581498e-03
-3.488025824772194184e-03
-3.539028554223477927e-03
-3.448635434324387461e-03
-3.090594801178667573e-03
-3.468595256563275931e-03
-3.050218379357829811e-03
-2.934957079705782096e-03
-3.194755797594552981e-03
-3.041636589914560249e-03
-3.093641216109972638e-03
-3.107784157036803854e-03
-3.627763647236861323e-03
-3.683603319223038765e-03
-3.204058349074330285e-03
-3.501959058339707432e-03
-4.117258942569606076e-03
-3.435972410370595823e-03
-3.018940486945211922e-03
-2.893128786090528627e-03
-3.851569670659955522e-03
-3.288890789262950611e-03
-3.278756838699337268e-03
-3.274309255939442803e-03
-3.306540132034570083e-03
-3.505265345738734981e-03
-3.107989805866964109e-03
-3.281361132394522429e-03
-3.120790456305257924e-03
-3.394878213875926996e-03
-3.153299290279392136e-03
-3.476733280112966756e-03
-3.346547506807837514e-03
-3.103757160715758801e-03
-3.458575246040709265e-03
-3.380765281035565031e-03
-3.615942754258867197e-03
-3.451998763193841850e-03
-3.352438916335813771e-03
-3.337153521424625086e-03
-3.434501417796127515e-03
-3.369683734199497693e-03
-3.548215117189101701e-03
-3.392192903847899340e-03
-3.814743851253297232e-03
-2.993306507996749098e-03
-3.473927734885364719e-03
-3.472461534838657774e-03
-3.379355687357019512e-03
-3.866115899727446889e-03
-3.025398650788701897e-03
-3.601916678599082020e-03
-3.283265377976931493e-03
-3.403656466398388356e-03
-3.557730710599571640e-03
-2.968161318567581579e-03
-3.340303682198282435e-03
-3.252995696966536412e-03
-2.978676025522872858e-03
-3.207338482607156177e-03
-3.187930016429163429e-03
-3.078056504600681573e-03
-3.138489127741195175e-03
-3.233192280458751892e-03
-2.944081777532119287e-03
-2.994630114408209764e-03
-3.520692851743661023e-03
-3.857116838917136123e-03
-3.670512926764786348e-03
-3.369674238492734696e-03
-3.534873456228524585e-03
-3.821367623168043636e-03
-3.370032787788659195e-03
-3.328494717134162801e-03
-3.403937096009031129e-03
-3.409534838283434510e-03
-3.316364723141305114e-03
-3.154823335062246787e-03
-3.428957191645167889e-03
-3.663269945536740298e-03
-3.298339279717765835e-03
-3.322216992382891372e-03
-3.751915410393848876e-03
-2.928033409116324176e-03
-3.214714027417357907e-03
-2.914330532657914002e-03
-3.009301977581344684e-03
-3.262161438469775212e-03
-2.803704615216702414e-03
-3.242565320106223416e-03
-3.392597810598090187e-03
-3.331207057344727149e-03
-3.200635601242538680e-03
-3.423389123636298020e-03
-3.737946474575437779e-03
-3.659429798135533859e-03
-3.916096877946984196e-03
-3.887704728404059798e-03
-3.367214173777029109e-03
-3.057553553953766719e-03
-3.524068770348094334e-03
-3.456084091740194760e-03
-3.066258095786906709e-03
-3.061207221471704508e-03
-3.553196231951005930e-03
-2.816530675045214420e-03
-3.017762918607331916e-03
-3.706854863266926137e-03
-3.801333141745999542e-03
-3.117311480455100398e-03
-3.499475303979125013e-03
-3.133118912810459872e-03
-3.037858619354665262e-03
-3.641587572346907230e-03
-3.896540404239203729e-03
-4.044227363192476159e-03
-3.196297390968538647e-03
-3.531692448304965971e-03
-3.078256099543068367e-03
-3.150693739589769185e-03
-3.609738257946446677e-03
-3.467427384166512760e-03
-3.543082613905425976e-03
-3.176961891876999185e-03
-3.293636647285893681e-03
-3.479935785289853950e-03
-3.162051382241770712e-03
-3.184035677404608525e-03
-3.470987312612123718e-03
-3.236667053424753266e-03
-3.345908238261472486e-03
-3.179000634117983351e-03
-3.561024275841191342e-03
-3.180108047090470912e-03
-3.469746317132376030e-03
-3.086757146520539927e-03
-3.264710793446283597e-03
-3.415992291702423141e-03
-3.515558241051621596e-03
-3.312272288603707992e-03
-2.950064179021865112e-03
-3.224058952182531305e-03
-3.615316895884461597e-03
-3.079099279420916165e-03
-3.501543443999253352e-03
-3.594666733115445788e-03
-3.607723747554700613e-03
-3.168384574237279473e-03
-2.951386818458559026e-03
-3.748422202479559980e-03
-3.427766565000638348e-03
-3.515062969527207436e-03
-3.720186541031580540e-03
-3.649502624175511405e-03
-3.622623467817902634e-03
-3.221021965437103219e-03
-2.851762389473151520e-03
-3.891724830609746399e-03
-3.560366939927916887e-03
-3.310101811657659675e-03
-3.074457604670897178e-03
-3.250111151719465956e-03
-3.421420732629485394e-03
-3.581679151975549705e-03
-3.200617990514729051e-03
-3.387658890278544450e-03
-3.031007026438601367e-03
-3.305131739325588378e-03
-3.415035484358668483e-03
-3.666462885885266726e-03
-3.865298067685216457e-03
-3.638800893677398771e-03
-3.549923883110750293e-03
-3.404716165969148486e-03
-3.422979943570680830e-03
-3.224557394132716772e-03
-3.597617874620482378e-03
-3.612035235564690135e-03
-3.208225395646877552e-03
-3.418101616844069091e-03
-3.337901429040357384e-03
-3.501301707001402801e-03
-3.446528656058944935e-03
-3.684367365203797783e-03
-4.216057250741869593e-03
-3.130709494580514746e-03
-3.615648607665207168e-03
-3.407318973331711996e-03
-2.925984567846171523e-03
-3.090965161682106711e-03
-3.282271489733830112e-03
-3.757044688099995134e-03
-3.305651226837653858e-03
-3.405079455696977640e-03
-3.615579832985531521e-03
-3.214302249398315412e-03
-3.053486416756641137e-03
-3.795668519742321102e-03
-3.506167303421534563e-03
-3.600772570789558761e-03
-3.681423560483381135e-03
-3.128389346820767934e-03
-3.219694130530115304e-03
-3.593385328422300361e-03
-3.986206256086006518e-03
-3.533396880084182894e-03
-3.645113682141527464e-03
-3.775990178692154725e-03
-3.729089559783460572e-03
-3.206206204340560171e-03
-3.149499280989402801e-03
-3.074834411672782049e-03
-3.410638622881378978e-03
-2.930090784793719805e-03
-3.766296716930810431e-03
-3.275383069994859501e-03
-3.251034800196066395e-03
-3.328758206625934482e-03
-3.303762756986543345e-03
-3.426916283206083054e-03
-2.830336609331425297e-03
-3.152445842279121262e-03
-3.206904685357585359e-03
-3.111387547687627202e-03
-3.725251771975308501e-03
-3.727254112891387368e-03
-3.215375520521774905e-03
-3.357253344729542802e-03
-3.516116162936669051e-03
-3.010855605243705196e-03
-2.698766060348134488e-03
-3.359149512252770226e-03
-3.051835636724717794e-03
-3.263419439899735170e-03
-3.202390201622620346e-03
-3.303402797318995103e-03
-3.156554240267723903e-03
-3.099060659296810558e-03
-3.197998905379790743e-03
-3.475250795017927833e-03
-3.143504416802897841e-03
-3.627067208290099889e-03
-3.064460678142495471e-03
-3.500490727601572941e-03
-3.450627450947649829e-03
-3.346048949752003076e-03
-3.148553182545583799e-03
-3.302994555706391128e-03
-3.462417832051869430e-03
-3.409538519917987287e-03
-3.557361220300663332e-03
-3.189103389740921383e-03
-3.293881804565898953e-03
-3.490026162180583872e-03
-3.371169993188231993e-03
-2.969363385054748540e-03
-3.427923656709026389e-03
-3.806585498386993918e-03
-3.184547236887737970e-03
-3.069786031555850076e-03
-3.503261312434915314e-03
-3.410661868692841346e-03
-3.577247044304385660e-03
-3.413039603328798036e-03
-3.095285493473056825e-03
-3.259602088364772429e-03
-3.449314902536570852e-03
-3.513654388953000186e-03
-3.898769583320245251e-03
-3.148127303575165570e-03
-3.159588258422445402e-03
-3.017314746393822290e-03
-3.166333191911690007e-03
-3.409316312754526613e-03
-2.786282439483329671e-03
-3.114521409152075804e-03
-3.297369909123517434e-03
-3.114468704443425044e-03
-3.000584805849939446e-03
-3.859588922350667365e-03
-3.435110658174380781e-03
-2.652187225467059813e-03
-3.266821130237076379e-03
-3.570830373791977937e-03
-3.189128769736271525e-03
-3.330310018791351676e-03
-3.170072457287460409e-03
-3.394542578607797484e-03
-3.508313157362863508e-03
-2.978400735883042407e-03
-3.626897069916594669e-03
-3.324118419841397363e-03
-3.266353781800717098e-03
-3.621608468820340741e-03
-2.902147014974616485e-03
-3.492941184376832219e-03
-3.402887748088687624e-03
-3.100263816595543159e-03
-4.124279724201187526e-03
-4.131694998359307543e-03
-3.614819736685604031e-03
-3.304675112594850517e-03
-3.540117836091667431e-03
-3.334841764299198864e-03
-3.519113382790237804e-03
-3.462203892413526825e-03
-3.060630208346992818e-03
-3.736552537011448086e-03
-3.856315198063384620e-03
-3.218933505995664850e-03
-2.982048451085574873e-03
-3.994356781768146868e-03
-3.560532066039740883e-03
-3.257406486372928928e-03
-3.198903885495383084e-03
-2.937794883619062550e-03
-3.108729156083427179e-03
-2.901456215186044504e-03
-3.234930931066628754e-03
-3.485967852757312219e-03
-3.484789030626416189e-03
-3.304175174853298848e-03
-3.322824892384232745e-03
-3.545215915364679019e-03
-2.892673252790700818e-03
-3.319499133503995680e-03
-3.025948397698812343e-03
-3.292481589596718550e-03
-3.700782567029819049e-03
-3.371990157611435245e-03
-2.986390983278397297e-03
-3.014405836001969857e-03
-3.567046470707282545e-03
-3.559937057434581394e-03
-3.292294616985600494e-03
-3.266311465122271468e-03
-3.254356672405265063e-03
-3.185349605628289352e-03
-3.548170999856665574e-03
-3.137915739789605245e-03
-2.967808870598673612e-03
-3.482849182328209489e-03
-2.989923353889025956e-03
-2.572440410149283516e-03
-3.143443434237269511e-03
-3.781452366383746076e-03
-3.679585111094638671e-03
-3.593769096187316055e-03
-3.087601394508965140e-03
-3.785470797447487799e-03
-3.513740423950366572e-03
-3.772792423842474645e-03
-3.119943866331595893e-03
-3.048770404711831448e-03
-3.477204787777736939e-03
-3.295876797928940470e-03
-3.024420855217613193e-03
-3.176226210489403561e-03
-3.145992571953684300e-03
-3.708875787997385591e-03
-3.152033819642383744e-03
-3.650284345494583197e-03
-3.351795840717386628e-03
-3.176252412959002132e-03
-3.075539829151239385e-03
-3.579303298029117269e-03
-3.457248955965041941e-03
-3.281845818564761361e-03
-3.535054161911830445e-03
-3.710215859464369680e-03
-3.502654948388226469e-03
-3.769799760775640728e-03
-3.214561080967541593e-03
-3.520915521949064160e-03
-3.061723358405288222e-03
-3.359229200286790659e-03
-3.613133084727451327e-03
-3.526271278678905132e-03
-3.438717193785123354e-03
-3.354844747227616643e-03
-3.455873750499449844e-03
-3.310538264631759237e-03
-3.202058131864760245e-03
-3.302042266877833893e-03
-3.470274689316283929e-03
-2.834277356741949846e-03
-3.009938778704963555e-03
-3.328433903516270047e-03
-3.102501656976528431e-03
-3.543668453348800592e-03
-3.540293854603078320e-03
-3.573850073298672197e-03
-3.267202126153279096e-03
-3.518703972804360265e-03
-3.310332686523906765e-03
-3.002152901317458721e-03
-3.124383930407930061e-03
-3.704914638947229884e-03
-3.321671713347313943e-03
-3.435185650596395222e-03
-3.349694232165347993e-03
-3.263202363741583931e-03
-3.419700454687699728e-03
-3.539331580395810133e-03
-3.614921814587432770e-03
-3.444668785377871367e-03
-3.098477677558548853e-03
-2.848524348810315115e-03
-3.562662556068971545e-03
-3.317609861260280117e-03
-2.692292063729837589e-03
-3.401840274455025705e-03
-3.077830617257859558e-03
-2.854541304404847185e-03
-3.498321911902167042e-03
-2.777631206845398906e-03
-3.419626040267758141e-03
-3.036696683848276804e-03
-3.324753544002305612e-03
-3.163532137405127356e-03
-3.221505857363808796e-03
-3.102958890376612561e-03
-2.988092672894708621e-03
-2.804166650748811471e-03
-3.202012534020468645e-03
-3.073360723210498673e-03
-3.648885902366600861e-03
-3.209616641397588024e-03
-3.171244079712778191e-03
-2.788899714360013483e-03
-3.623801866197027145e-03
-3.200332009582780492e-03
-2.702340816031210177e-03
-3.285471327835693799e-03
-3.075014511705376034e-03
-3.608930050395428926e-03
-3.550944482558406751e-03
-3.068791698315180821e-03
-3.181626822042744537e-03
-3.053561238630209118e-03
-2.930561830289662040e-03
-3.312671441526617890e-03
-3.167572185629978845e-03
-3.583715070853941108e-03
-3.076749714964535209e-03
-3.757812500407453453e-03
-3.282592660398222627e-03
-3.044323991634882969e-03
-3.473610076471231930e-03
-2.780131906765745745e-03
-3.503227074688766273e-03
-3.267073652823455562e-03
-3.274242485640570417e-03
-3.443174564163200765e-03
-3.133370231080334460e-03
-3.436904705013148296e-03
-3.520753843476995878e-03
-3.273982828250155026e-03
-2.741418085061013594e-03
-3.100414042710326716e-03
-2.886589589179493556e-03
-3.251151969307102332e-03
-3.127812038874253422e-03
-3.170411870232783119e-03
-2.932293676421977770e-03
-3.481893120624590839e-03
-3.464818914944771573e-03
-3.207009057514369384e-03
-3.388364880229346489e-03
-3.002912287192884867e-03
-3.564673149230657319e-03
-2.921382021158933692e-03
-3.241522283351514280e-03
-3.610682230209931887e-03
-3.456691744504496264e-03
-3.483781271497718868e-03
-3.411989145679399354e-03
-2.910385678405873287e-03
-3.313796870061196196e-03
-3.537167913746088691e-03
-3.727021449885796651e-03
-3.430576492828549956e-03
-3.420243634900543925e-03
-3.682006551243830351e-03
-3.863102534378413250e-03
-2.940989246126264525e-03
-3.072609324590303004e-03
-2.672532087308354589e-03
-2.898721800593193672e-03
-3.744045895291492516e-03
-3.054241955687757738e-03
-3.041957060340791906e-03
-3.305685009108856511e-03
-3.570181184331886522e-03
-3.557549386750906602e-03
-3.340009567327797274e-03
-3.144907132082153112e-03
-3.084551345673389698e-03
-3.098809749644715339e-03
-3.075818702345713834e-03
-3.919764215243049139e-03
-3.078279779001604714e-03
-3.361428133503068048e-03
-3.243896378553472442e-03
-2.913598481100052474e-03
-2.997066215611994457e-03
-3.205084000073838910e-03
-3.059359138424042404e-03
-3.067243038967717387e-03
-3.658358646789565492e-03
-3.167225606157444626e-03
-3.087071877671405864e-03
-3.088379690307192522e-03
-3.055170658044517162e-03
-3.236784861364867382e-03
-3.015046629880089452e-03
-2.600030794856138510e-03
-3.107913821295369295e-03
-3.379010219650808826e-03
-2.987627113470807481e-03
-3.473874868359416550e-03
-3.439899424556642615e-03
-3.351301141665317170e-03
-3.541623158380389352e-03
-3.357119340216741053e-03
-3.381598927953746378e-03
-3.687387943500652909e-03
-3.454267351189628174e-03
-3.717788945068605053e-03
-3.389974115707445820e-03
-3.190894969156943175e-03
-3.338637709966860677e-03
-3.434732538298703591e-03
-3.725074079702608322e-03
-3.530374654510524089e-03
-3.914070259779692078e-03
-3.341746978549053892e-03
-3.270154591009486519e-03
-3.561173342750407859e-03
-3.153858469158876514e-03
-2.975203999667428312e-03
-3.516667143558152141e-03
-3.182796179316937923e-03
-3.148500621318816965e-03
-3.029618440777994814e-03
-2.971275890886318060e-03
-3.227546170237474265e-03
-2.922412707994226280e-03
-3.679475401877425628e-03
-3.142536622181069279e-03
-2.702670152066275269e-03
-3.770657610148191261e-03
-3.371324418112635422e-03
-3.504822850809432774e-03
-3.143965340568684232e-03
-3.486758709186688066e-03
-3.306496248405892558e-03
-3.727119532995857177e-03
-3.929989904863759494e-03
-3.435332340304739825e-03
-3.752206746430601907e-03
-3.540508695878088596e-03
-2.884366950311232237e-03
-3.321803856815677344e-03
-4.036303152388427164e-03
-3.434821629780344856e-03
-3.789593078545294789e-03
-3.355895010463427666e-03
-3.433251349197234941e-03
-3.066159597219666674e-03
-3.323549681226722896e-03
-3.477520570741035166e-03
-3.495033170620445110e-03
-3.483870836207643082e-03
-2.789917886839248136e-03
-3.235128493979573267e-03
-3.541832733899354883e-03
-3.541586439532693441e-03
-3.212605578883085452e-03
-3.121818676008842816e-03
-3.433534931973554125e-03
-3.193362810052349354e-03
-3.365410104161128610e-03
-3.351826329890172929e-03
-3.231997534458059748e-03
-3.160266418999526598e-03
-3.657066278392448900e-03
-2.893780341983074114e-03
-3.562881441903300792e-03
-3.226158608449622954e-03
-3.505676992645021407e-03
-3.803659749682992801e-03
-3.333268337883055210e-03
-3.299454735824838402e-03
-2.903962154523469490e-03
-3.431574485148303211e-03
-2.877051665273029201e-03
-3.542566096875816428e-03
-3.184582799440249714e-03
-3.141426793881691836e-03
-3.620084280264563702e-03
-3.746576797857414844e-03
-3.135523765522521111e-03
-3.031044091912917914e-03
-3.388633349677547604e-03
-3.176319367194082796e-03
-2.943536815582774562e-03
-3.259863171842880634e-03
-3.047904498234856735e-03
-3.258479579817503795e-03
-3.179327603720594371e-03
-2.827869572211056965e-03
-3.183156201848760282e-03
-3.333051028312183830e-03
-3.000702275603543950e-03
-3.025056127808056598e-03
-3.274955006490927120e-03
-3.276135536143556098e-03
-3.175796338473446580e-03
-3.523581458721310091e-03
-3.324615322053432482e-03
-2.773602931993082114e-03
-2.973732704704161543e-03
-2.977493835205677949e-03
-3.324749118764884753e-03
-3.145157124090473995e-03
-2.869348264939617418e-03
-3.524509925628081016e-03
-3.617014471383299574e-03
-3.209510628221323540e-03
-3.460997699876315701e-03
-3.105976525112055277e-03
-3.660088168689980964e-03
-3.259068467887118320e-03
-3.202058864408172459e-03
-3.444263682467862964e-03
-3.515567366412142205e-03
-3.062918994110077654e-03
-3.148916467616800184e-03
-3.261862234794534864e-03
-3.159277457452844967e-03
-3.297923275968059949e-03
-3.063748021959326970e-03
-3.316226377501152543e-03
-3.465257924981415480e-03
-2.968701772624626842e-03
-3.355351930367760169e-03
-2.970599891850724764e-03
-3.274300046323333144e-03
-3.290138016891432874e-03
-3.096988559991587127e-03
-3.688475794042460777e-03
-2.866973151103593270e-03
-3.636105101322755027e-03
-3.271698342286981712e-03
-2.867532815726008336e-03
-3.466508009805693239e-03
-2.990996981970966018e-03
-3.274187106144381496e-03
-3.155180784524418570e-03
-2.923724816064350151e-03
-3.101108861737884598e-03
-2.894629916991107305e-03
-2.965427492454182547e-03
-3.426731796644162231e-03
-3.020883609278825991e-03
-3.016610561462585056e-03
-3.387002497329376534e-03
-3.704607521067373663e-03
-3.551714252098463285e-03
-3.431577874871436472e-03
-3.136432204046286573e-03
-3.419549016107339447e-03
-3.043422441114671320e-03
-2.948306016041897341e-03
-3.332396335317753221e-03
-3.503900429350323854e-03
-3.427536655217409099e-03
-3.161926249158568576e-03
-2.870849595637992024e-03
-3.402732096437830270e-03
-3.037182589469012046e-03
-3.558940957591403328e-03
-2.861175517609808403e-03
-3.080596208455972217e-03
-2.793967358884401429e-03
-3.022614732035435597e-03
-2.783291293308138865e-03
-3.356239233980886760e-03
-2.945700609998311726e-03
-2.967192738433368712e-03
-2.714954685652628749e-03
-2.881500277726445521e-03
-3.092774690594524232e-03
-3.028532459284178843e-03
-3.102389279229100880e-03
-3.359658552799373726e-03
-2.887768922373652476e-03
-2.420561468170490116e-03
-3.100200653716455972e-03
-2.414553006819915131e-03
-2.948077440960332821e-03
-3.117178646207321557e-03
-2.913906376052181977e-03
-3.020499960402957956e-03
-2.914919079630635609e-03
-3.485120096593163994e-03
-3.171123581123538263e-03
-3.846030286804307148e-03
-3.046344372269231809e-03
-2.916802084364462488e-03
-3.436591049248818256e-03
-3.155466091411653854e-03
-3.199828155920840956e-03
-3.412428567826282424e-03
-2.936851269769249345e-03
-3.135709795751609116e-03
-3.201113876712043029e-03
-3.587229140102863277e-03
-2.927742193569429253e-03
-3.209734479314647546e-03
-2.978747517918236415e-03
-3.335664217011071776e-03
-3.336856211681151797e-03
-3.060015648370608635e-03
-2.915266298223286902e-03
-2.830923899891786468e-03
-3.681698670843616076e-03
-3.580371416173875471e-03
-3.132051253342069824e-03
-3.127748508413788139e-03
-3.102191843499895168e-03
-2.920045134378597244e-03
-3.405384106445126166e-03
