-9.682538723945617321e-01
-9.684941738843917403e-01
-9.681113797426224021e-01
-9.685985314846038419e-01
-9.685962885618210061e-01
-9.682436877489090099e-01
-9.684044045209884155e-01
-9.683475595712661699e-01
-9.688583159446716442e-01
-9.683803802728653265e-01
-9.686144042015075728e-01
-9.686321127414703192e-01
-9.685100722312927068e-01
-9.682962942123413130e-01
-9.677692222595214444e-01
-9.687988644838333441e-01
-9.682970100641250522e-01
-9.686890125274658647e-01
-9.683161365985870628e-01
-9.680253040790557373e-01
-9.683263599872589111e-01
-9.683628135919570834e-01
-9.682868266105651989e-01
-9.687435108423233521e-01
-9.683556002378463923e-01
-9.686043483018874634e-01
-9.682523924112319547e-01
-9.685291874408722412e-01
-9.683062314987183061e-01
-9.687236475944519531e-01
-9.683822131156921698e-01
-9.686622661352157770e-01
-9.680778270959854437e-01
-9.684119349718094405e-01
-9.676100343465805498e-01
-9.680454605817794267e-01
-9.683695721626282005e-01
-9.686141794919967962e-01
-9.686037802696227939e-01
-9.684130805730819525e-01
-9.688968390226364580e-01
-9.684429782629012662e-01
-9.678171217441559060e-01
-9.682368874549865945e-01
-9.677473127841949019e-01
-9.682318687438964400e-01
-9.677347886562347457e-01
-9.681519031524657981e-01
-9.684687888622284246e-01
-9.680406248569488614e-01
-9.681949412822723477e-01
-9.680632972717284623e-01
-9.681129044294357611e-01
-9.680835860967635931e-01
-9.680810415744781627e-01
-9.684888577461242543e-01
-9.683813321590423184e-01
-9.685368841886520253e-01
-9.682087862491607355e-01
-9.677631658315658525e-01
-9.680536437034606978e-01
-9.684261828660964966e-01
-9.686260831356048318e-01
-9.683264827728271795e-01
-9.680388456583023382e-01
-9.687221294641494840e-01
-9.691550177335739313e-01
-9.683465480804442915e-01
-9.684903585910796808e-01
-9.685328388214111683e-01
-9.686514681577682584e-01
-9.685428404808044123e-01
-9.684684622287750289e-01
-9.688801181316375466e-01
-9.681595277786254616e-01
-9.688139051198959573e-01
-9.685265600681305376e-01
-9.680960327386856079e-01
-9.681344193220138283e-01
-9.684903156757355136e-01
-9.684312623739242953e-01
-9.682937383651732954e-01
-9.688145637512206587e-01
-9.687604868412017511e-01
-9.689800208806991222e-01
-9.688101613521575839e-01
-9.682096737623214766e-01
-9.679450923204422352e-01
-9.682221770286559837e-01
-9.680353343486786111e-01
-9.686117464303970470e-01
-9.679483336210250588e-01
-9.684366053342818859e-01
-9.676511663198471558e-01
-9.682922130823135021e-01
-9.679516023397445323e-01
-9.680584603548050282e-01
-9.682275038957596225e-01
-9.680406558513641180e-01
-9.683040225505828991e-01
-9.678885585069656461e-01
-9.680434769392013417e-01
-9.687925136089324818e-01
-9.683370661735534179e-01
-9.689995217323302823e-01
-9.683048588037490578e-01
-9.682345944643020452e-01
-9.681889754533767878e-01
-9.680317103862762229e-01
-9.681928497552871882e-01
-9.684534543752669755e-01
-9.685085695981979770e-01
-9.680186873674392345e-01
-9.677508533000945823e-01
-9.680515986680984231e-01
-9.685534393787383900e-01
-9.675393819808959517e-01
-9.680298161506653010e-01
-9.682802516221999944e-01
-9.678271591663361040e-01
-9.675498825311660278e-01
-9.682734990119934437e-01
-9.680679082870483620e-01
-9.682792401313782271e-01
-9.676846349239349721e-01
-9.680308407545089588e-01
-9.680156838893890781e-01
-9.682381242513656838e-01
-9.685020136833191184e-01
-9.687200772762298850e-01
-9.687980592250824419e-01
-9.682268166542052912e-01
-9.684231567382812766e-01
-9.682444626092910900e-01
-9.689111787080765259e-01
-9.686176246404647472e-01
-9.681321477890014737e-01
-9.679707926511764704e-01
-9.686197304725646662e-01
-9.679005235433578713e-01
-9.681247723102569536e-01
-9.675236523151398149e-01
-9.685312455892562955e-01
-9.679740458726883157e-01
-9.677416735887527377e-01
-9.682238996028900146e-01
-9.680586183071135942e-01
-9.682307142019271895e-01
-9.680630397796631259e-01
-9.685389292240143000e-01
-9.679539203643798828e-01
-9.682597196102142867e-01
-9.683495104312896951e-01
-9.679399722814560070e-01
-9.680429947376251176e-01
-9.679295361042022927e-01
-9.682651728391646895e-01
-9.678212422132491666e-01
-9.681883841753006203e-01
-9.678293746709824008e-01
-9.676744645833968983e-01
-9.676997214555740356e-01
-9.683786028623581066e-01
-9.680257028341293646e-01
-9.683319205045699540e-01
-9.680336725711822243e-01
-9.683896315097808571e-01
-9.681285595893860396e-01
-9.682869029045104714e-01
-9.681851887702941362e-01
-9.684343606233596358e-01
-9.685097736120223955e-01
-9.689414119720458629e-01
-9.680791509151458474e-01
-9.683606052398681108e-01
-9.681746602058410867e-01
-9.679866987466811956e-01
-9.680999964475631714e-01
-9.684488081932067782e-01
-9.683109146356582153e-01
-9.684470313787459927e-01
-9.681609725952148304e-01
-9.684927207231521784e-01
-9.686959540843963490e-01
-9.688153600692749334e-01
-9.687636351585388050e-01
-9.685030609369278398e-01
-9.684906929731369463e-01
-9.685007381439209029e-01
-9.685328632593155351e-01
-9.683472979068755704e-01
-9.680814313888549405e-01
-9.684462791681289762e-01
-9.682790994644164817e-01
-9.682047104835510565e-01
-9.679851204156875166e-01
-9.681635093688965021e-01
-9.685364162921905606e-01
-9.684350210428237515e-01
-9.686169558763504384e-01
-9.683645206689834861e-01
-9.682809746265411688e-01
-9.680462455749512252e-01
-9.686729806661605879e-01
-9.683461976051330744e-01
-9.682527929544448853e-01
-9.683187055587768599e-01
-9.686849385499953780e-01
-9.684099322557448986e-01
-9.683708673715591964e-01
-9.688887560367583918e-01
-9.682107311487198054e-01
-9.685904932022094682e-01
-9.688977652788162143e-01
-9.681209647655486528e-01
-9.685437995195388394e-01
-9.683852976560592962e-01
-9.687488871812820479e-01
-9.683518052101135476e-01
-9.685107207298279119e-01
-9.684342694282531694e-01
-9.682281482219695645e-01
-9.684533178806304932e-01
-9.681568878889084129e-01
-9.683648318052291426e-01
-9.687462657690047996e-01
-9.680596768856049028e-01
-9.683069115877152022e-01
-9.677989983558654696e-01
-9.685002148151398149e-01
-9.686442524194717185e-01
-9.682865560054778609e-01
-9.684089607000351263e-01
-9.686081928014754761e-01
-9.685009628534316795e-01
-9.686173713207244518e-01
-9.680436474084853637e-01
-9.685238516330718639e-01
-9.683721363544464111e-01
-9.680796831846236739e-01
-9.684618592262268510e-01
-9.682104539871215776e-01
-9.688314229249954668e-01
-9.684207075834274647e-01
-9.688794577121734308e-01
-9.684616315364837913e-01
-9.685872894525527910e-01
-9.691785073280334561e-01
-9.688271564245224399e-01
-9.682229381799697387e-01
-9.681241440773010742e-01
-9.680573081970215155e-01
-9.685765969753264981e-01
-9.684614008665084484e-01
-9.686346071958541470e-01
-9.685881388187408403e-01
-9.685972225666046320e-01
-9.683747315406798783e-01
-9.688324749469756636e-01
-9.685719066858291537e-01
-9.683676648139953880e-01
-9.687998092174530118e-01
-9.684874683618545088e-01
-9.684303599596023604e-01
-9.684371274709701050e-01
-9.687880003452300492e-01
-9.681112873554229559e-01
-9.686895883083344039e-01
-9.686730289459228871e-01
-9.686418628692626820e-01
-9.686355680227279885e-01
-9.684909975528717130e-01
-9.683886492252349321e-01
-9.686630988121032182e-01
-9.683552688360214100e-01
-9.683916360139847024e-01
-9.689074254035949796e-01
-9.684435659646988270e-01
-9.684126943349837813e-01
-9.688738948106765392e-01
-9.675651109218597057e-01
-9.684310555458068848e-01
-9.685635584592818814e-01
-9.681613355875015037e-01
-9.683597528934478893e-01
-9.682734876871108565e-01
-9.683732378482818870e-01
-9.686481177806853804e-01
-9.680125004053116156e-01
-9.686260318756103604e-01
-9.683408820629120228e-01
-9.680421775579453048e-01
-9.684333628416061934e-01
-9.682472634315490989e-01
-9.683251160383224976e-01
-9.688126063346862438e-01
-9.682267951965332076e-01
-9.687977856397629317e-01
-9.679429328441619962e-01
-9.685722416639328536e-01
-9.679769206047058594e-01
-9.684767079353332475e-01
-9.686953204870224488e-01
-9.683912861347198087e-01
-9.685400879383087025e-01
-9.686664378643036200e-01
-9.689857518672942982e-01
-9.688321870565413940e-01
-9.684572410583496271e-01
-9.685655117034912553e-01
-9.690477007627487094e-01
-9.686031162738799605e-01
-9.688145220279693604e-01
-9.687956154346466509e-01
-9.688061803579330888e-01
-9.686256515979766446e-01
-9.681779694557189897e-01
-9.684962838888168113e-01
-9.685068327188491866e-01
-9.681004214286804688e-01
-9.686176538467407005e-01
-9.686834311485290616e-01
-9.691624581813812478e-01
-9.684530216455459195e-01
-9.685106003284453813e-01
-9.687665879726410356e-01
-9.680048274993896529e-01
-9.684808504581451372e-01
-9.687256443500519287e-01
-9.684050190448760809e-01
-9.682740122079849243e-01
-9.682096844911575184e-01
-9.685327839851379794e-01
-9.681850183010101141e-01
-9.685963773727417347e-01
-9.676763600111008001e-01
-9.681796783208846957e-01
-9.685286080837249845e-01
-9.685009449720383135e-01
-9.686533951759338512e-01
-9.683402943611144620e-01
-9.681766718626022561e-01
-9.682280606031418158e-01
-9.682461488246917325e-01
-9.683307731151580278e-01
-9.685897666215896873e-01
-9.688748359680176003e-01
-9.686536294221878007e-01
-9.684571582078933538e-01
-9.688768106698989468e-01
-9.685808354616165516e-01
-9.686049032211303533e-01
-9.685748839378356401e-01
-9.683679485321045055e-01
-9.687154060602187755e-01
-9.683937019109726263e-01
-9.686988162994384366e-01
-9.686390793323517157e-01
-9.681938272714615268e-01
-9.685619240999221446e-01
-9.689144712686538208e-01
-9.688929849863052723e-01
-9.689299887418747481e-01
-9.679651141166687456e-01
-9.684869205951690541e-01
-9.687096053361892167e-01
-9.686205518245697421e-01
-9.682904183864593506e-01
-9.682267510890960605e-01
-9.679741626977920177e-01
-9.686484324932098655e-01
-9.685053080320358276e-01
-9.683856630325317072e-01
-9.691032981872558238e-01
-9.690790468454361095e-01
-9.684684509038925526e-01
-9.687436783313750910e-01
-9.684449005126952725e-01
-9.684634524583816129e-01
-9.680936110019683349e-01
-9.686115491390228094e-01
-9.688267564773559437e-01
-9.681358182430267467e-01
-9.683406043052673606e-01
-9.686482590436935602e-01
-9.681697738170623735e-01
-9.682213127613067405e-01
-9.680534309148788319e-01
-9.687251013517379494e-01
-9.680877029895782471e-01
-9.683381509780883967e-01
-9.683220565319061723e-01
-9.678900724649429632e-01
-9.686489391326904563e-01
-9.678143370151519598e-01
-9.687568813562392744e-01
-9.686225450038910001e-01
-9.689221537113189564e-01
-9.686848384141921731e-01
-9.687094610929488647e-01
-9.690915793180465698e-01
-9.687711739540100231e-01
-9.685818409919738636e-01
-9.685001337528228449e-01
-9.684180575609206976e-01
-9.685756146907806841e-01
-9.684593760967254994e-01
-9.686588305234908880e-01
-9.687851029634475530e-01
-9.684336978197097823e-01
-9.690947628021240323e-01
-9.685933732986450329e-01
-9.684258794784545987e-01
-9.684410637617111295e-01
-9.684284561872482655e-01
-9.685342150926590232e-01
-9.689153432846069336e-01
-9.677947431802749190e-01
-9.684877115488051968e-01
-9.681141191720962214e-01
-9.681569683551788374e-01
-9.682604497671127852e-01
-9.682755702733993886e-01
-9.683518409729003906e-01
-9.684590613842010143e-01
-9.683002585172653109e-01
-9.679539334774017734e-01
-9.685529148578644332e-01
-9.689338743686676247e-01
-9.683388316631317272e-01
-9.683742934465408014e-01
-9.682811480760574741e-01
-9.685403496026993020e-01
-9.679280960559845104e-01
-9.684326076507567826e-01
-9.678722578287124456e-01
-9.682361400127410533e-01
-9.684791582822799283e-01
-9.680076366662979659e-01
-9.689218395948410167e-01
-9.688170409202575550e-01
-9.681506782770157304e-01
-9.679789549112319813e-01
-9.686081451177597224e-01
-9.684675866365433095e-01
-9.683507841825484963e-01
-9.679449653625488148e-01
-9.679130190610885087e-01
-9.686630475521087469e-01
-9.683160728216171353e-01
-9.683033162355423329e-01
-9.685984176397323120e-01
-9.685454922914504827e-01
-9.678828078508376898e-01
-9.684350121021271240e-01
-9.682566201686859664e-01
-9.683479869365692050e-01
-9.682747173309326216e-01
-9.687650465965270685e-01
-9.684360623359680176e-01
-9.678980845212936668e-01
-9.679901915788650113e-01
-9.685026192665100453e-01
-9.685290151834488048e-01
-9.686714458465576216e-01
-9.684643352031707675e-01
-9.683741855621338379e-01
-9.681688249111175537e-01
-9.689875352382659734e-01
-9.680655109882354559e-01
-9.683981955051421675e-01
-9.687204414606094272e-01
-9.686793076992035179e-01
-9.686722189188003984e-01
-9.685860407352447909e-01
-9.683833712339401378e-01
-9.687272620201110573e-01
-9.685859793424606012e-01
-9.688250821828842119e-01
-9.683974552154540616e-01
-9.691097360849380005e-01
-9.687698483467102051e-01
-9.687668317556381581e-01
-9.682343846559524625e-01
-9.680717861652374800e-01
-9.684596878290175903e-01
-9.684910130500793413e-01
-9.686649078130722401e-01
-9.686715692281723245e-01
-9.680478423833847046e-01
-9.683230173587799028e-01
-9.684020149707793790e-01
-9.678275012969970170e-01
-9.684722369909286588e-01
-9.686049193143844160e-01
-9.686918956041336015e-01
-9.684550857543945401e-01
-9.687441551685332941e-01
-9.686498582363128884e-01
-9.687974804639816195e-01
-9.686508238315582053e-01
-9.688731384277343706e-01
-9.686619502305984231e-01
-9.684397441148757668e-01
-9.687337225675582975e-01
-9.686068028211594072e-01
-9.685068583488464222e-01
-9.685981398820877608e-01
-9.686384034156799716e-01
-9.683177471160888672e-01
-9.678769743442535711e-01
-9.678291732072830111e-01
-9.683687829971313610e-01
-9.682019925117493209e-01
-9.681961476802826150e-01
-9.685824704170227228e-01
-9.685269087553024514e-01
-9.685661631822586326e-01
-9.685127419233322543e-01
-9.687307858467102406e-01
-9.681128966808318914e-01
-9.684051680564880193e-01
-9.680590301752090010e-01
-9.680243754386901323e-01
-9.687144702672958463e-01
-9.689082324504851851e-01
-9.687453812360763417e-01
-9.682804423570633423e-01
-9.687323814630508512e-01
-9.685417425632476540e-01
-9.687457466125488637e-01
-9.686153769493103249e-01
-9.687423866987228127e-01
-9.673775637149810702e-01
-9.686247974634170088e-01
-9.683110731840133267e-01
-9.682408326864242465e-01
-9.678526270389556929e-01
-9.685465300083160312e-01
-9.684426605701446089e-01
-9.685300856828689131e-01
-9.677576965093612760e-01
-9.679393166303634777e-01
-9.683756405115127031e-01
-9.683472418785095126e-01
-9.685505235195159823e-01
-9.686126315593719394e-01
-9.686825770139694258e-01
-9.687511783838271828e-01
-9.685207229852675903e-01
-9.680795091390609342e-01
-9.684751892089843439e-01
-9.686900651454926070e-01
-9.682932275533676636e-01
-9.685501301288604870e-01
-9.684383481740951316e-01
-9.682284843921661333e-01
-9.684355664253234686e-01
-9.682750260829925404e-01
-9.682217222452164096e-01
-9.680537915229797674e-01
-9.679465776681900335e-01
-9.682883727550506414e-01
-9.682998317480087103e-01
-9.683332729339599876e-01
-9.681279969215392800e-01
-9.682341837882995073e-01
-9.683263105154037431e-01
-9.680028015375137240e-01
-9.684749633073806985e-01
-9.680089378356933061e-01
-9.674054038524627641e-01
-9.679166722297668501e-01
-9.680619812011719283e-01
-9.682912063598633212e-01
-9.683971583843231645e-01
-9.685306626558304322e-01
-9.682888150215148704e-01
-9.686472958326339810e-01
-9.686178445816040483e-01
-9.686820262670516879e-01
-9.683038300275802479e-01
-9.689493530988693148e-01
-9.685255128145218162e-01
-9.686839222908020242e-01
-9.685183560848236173e-01
-9.681593376398086592e-01
-9.685037922859192072e-01
-9.680582606792449418e-01
-9.681787794828414784e-01
-9.681883698701858609e-01
-9.678177475929260476e-01
-9.687986969947814941e-01
-9.685344427824020830e-01
-9.684564548730850708e-01
-9.681406402587890980e-01
-9.684469825029373702e-01
-9.683367747068405418e-01
-9.684231138229369984e-01
-9.688863176107406217e-01
-9.683817064762115789e-01
-9.687070101499557495e-01
-9.682066792249679477e-01
-9.685131388902664673e-01
-9.687262415885925515e-01
-9.686709445714950517e-01
-9.685215312242507757e-01
-9.686977821588516058e-01
-9.687457972764969005e-01
-9.684746074676513494e-01
-9.685707163810729492e-01
-9.683632797002792447e-01
-9.682258343696594771e-01
-9.684392297267914174e-01
-9.685528218746185525e-01
-9.685907530784606534e-01
-9.690634411573409990e-01
-9.685223400592803955e-01
-9.684647667407989546e-01
-9.687731498479843495e-01
-9.680828905105590687e-01
-9.685570138692856101e-01
-9.679258000850677890e-01
-9.686793762445450318e-01
-9.689579278230666670e-01
-9.689551067352294433e-01
-9.684836846590042514e-01
-9.681778830289841098e-01
-9.682111835479736417e-01
-9.686912781000137640e-01
-9.684516191482543945e-01
-9.684895741939544278e-01
-9.691128647327422740e-01
-9.682720875740051802e-01
-9.683048266172409324e-01
-9.684859025478362859e-01
-9.681111651659012329e-01
-9.680910563468932972e-01
-9.683061385154724254e-01
-9.687386697530746549e-01
-9.681743687391280995e-01
-9.689136093854904264e-01
-9.686906653642654019e-01
-9.686567074060440374e-01
-9.683523750305176314e-01
-9.686489301919937178e-01
-9.683836477994919312e-01
-9.685767656564712169e-01
-9.685175269842147827e-01
-9.683672040700912476e-01
-9.688565784692764193e-01
-9.683854907751083818e-01
-9.681898516416549416e-01
-9.690092188119888705e-01
-9.688408094644546109e-01
-9.688051724433899281e-01
-9.690954220294952792e-01
-9.680174809694289673e-01
-9.688010472059249700e-01
-9.683787149190902221e-01
-9.686671209335326882e-01
-9.688728207349777133e-01
-9.686659246683120283e-01
-9.689589577913284568e-01
-9.683065474033355491e-01
-9.682783859968185913e-01
-9.684890210628509521e-01
-9.681808024644851240e-01
-9.681947284936904818e-01
-9.682596749067307051e-01
-9.687151473760604592e-01
-9.682312566041946233e-01
-9.678154039382934615e-01
-9.682573282718658358e-01
-9.687192821502685902e-01
-9.684520012140274137e-01
-9.690109044313430786e-01
-9.683077448606490778e-01
-9.683560079336166471e-01
-9.681646841764449674e-01
-9.683919358253478826e-01
-9.684562474489212258e-01
-9.685099989175796065e-01
-9.681978499889374312e-01
-9.681257438659668368e-01
-9.687984758615493242e-01
-9.686512219905852872e-01
-9.687600564956665439e-01
-9.684084963798522683e-01
-9.685777074098587125e-01
-9.682187300920486184e-01
-9.682630944252014205e-01
-9.687477380037308183e-01
-9.686352753639221325e-01
-9.687906944751739635e-01
-9.684825032949447854e-01
-9.686271411180495949e-01
-9.688102871179580244e-01
-9.691937458515167414e-01
-9.685347753763199341e-01
-9.684762090444565263e-01
-9.684798002243042436e-01
-9.682380259037017822e-01
-9.687268304824828702e-01
-9.688197076320648193e-01
-9.687785732746124756e-01
-9.682526618242264238e-01
-9.683652192354201826e-01
-9.686983644962310347e-01
-9.687139552831649514e-01
-9.682340490818023282e-01
-9.683652555942535711e-01
-9.684218323230743275e-01
-9.686368852853775024e-01
-9.691417241096496049e-01
-9.681969577074051037e-01
-9.690333056449890181e-01
-9.683980619907379683e-01
-9.684405505657196489e-01
-9.691448980569838945e-01
-9.684975290298462047e-01
-9.686197596788406194e-01
-9.685309606790543091e-01
-9.687407523393630759e-01
-9.684647071361541792e-01
-9.685133564472198087e-01
-9.687582993507385387e-01
-9.683114451169967385e-01
-9.692447549104690196e-01
-9.684556680917739691e-01
-9.689750206470489902e-01
-9.688960915803909169e-01
-9.688730287551879927e-01
-9.689739519357680742e-01
-9.681826084852218628e-01
-9.688759034872055365e-01
-9.685944741964340743e-01
-9.687229609489440563e-01
-9.688327407836914151e-01
-9.687117737531661943e-01
-9.690188449621200961e-01
-9.689986473321914318e-01
-9.684848874807358010e-01
-9.685626357793808427e-01
-9.691332697868346724e-01
-9.687658125162124101e-01
-9.685941904783248457e-01
-9.684338480234145896e-01
-9.683363968133926747e-01
-9.679559385776519420e-01
-9.685898876190185414e-01
-9.680283719301223666e-01
-9.682852697372436035e-01
-9.682020467519759643e-01
-9.685704636573791992e-01
-9.689102661609649836e-01
-9.687507802248001010e-01
-9.685491526126861483e-01
-9.683452808856963800e-01
-9.687081956863403676e-01
-9.680393576622009499e-01
-9.682038170099258600e-01
-9.686119139194488969e-01
-9.681356555223464833e-01
-9.678741890192031905e-01
-9.676095795631408647e-01
-9.687226349115372059e-01
-9.683438569307327715e-01
-9.680980467796325151e-01
-9.689119058847427413e-01
-9.683990132808685258e-01
-9.685099959373474343e-01
-9.683100479841232344e-01
-9.687087041139602617e-01
-9.684950268268585072e-01
-9.686242973804474188e-01
-9.690902400016784268e-01
-9.679330354928969982e-01
-9.684790861606598078e-01
-9.687337893247603970e-01
-9.689291882514953214e-01
-9.688765573501586514e-01
-9.690361088514327648e-01
-9.686459249258041471e-01
-9.688618195056915017e-01
-9.688885867595672385e-01
-9.687338066101074396e-01
-9.688498425483703658e-01
-9.688762736320495339e-01
-9.687290698289870994e-01
-9.689870136976241888e-01
-9.686315959692001210e-01
-9.688103842735290572e-01
-9.687256479263305353e-01
-9.685407972335815519e-01
-9.686557710170745628e-01
-9.692236346006393166e-01
-9.684134244918822798e-01
-9.686771655082702104e-01
-9.684531748294830100e-01
-9.687069225311278897e-01
-9.687568998336791859e-01
-9.687155294418334783e-01
-9.687870818376541626e-01
-9.684100806713104026e-01
-9.690668809413910401e-01
-9.687522494792938366e-01
-9.685280609130859641e-01
-9.687877959012984874e-01
-9.685792279243469194e-01
-9.689595210552215399e-01
-9.686306136846541959e-01
-9.690226703882217629e-01
-9.686382073163986028e-01
-9.684542512893676847e-01
-9.683849668502807484e-01
-9.688051754236221003e-01
-9.684167295694351418e-01
-9.688429564237595049e-01
-9.685700839757919178e-01
-9.692032915353775424e-01
-9.687467181682586359e-01
-9.690101742744445801e-01
-9.684989058971404940e-01
-9.687114858627319247e-01
-9.686549967527389171e-01
-9.688291907310485618e-01
-9.691507506370544700e-01
-9.690521669387817116e-01
-9.689422076940537032e-01
-9.685974919795989901e-01
-9.689579343795776678e-01
-9.688218730688095137e-01
-9.689113211631774636e-01
-9.687091720104217263e-01
-9.686002284288406372e-01
-9.679657113552093683e-01
-9.682162630558014405e-01
-9.686298114061355768e-01
-9.684819424152374401e-01
-9.681711262464522960e-01
-9.689320909976959495e-01
-9.684228777885437456e-01
-9.685318177938461170e-01
-9.680617743730545177e-01
-9.684442007541655961e-01
-9.686688649654388028e-01
-9.684760862588882580e-01
-9.683806890249252453e-01
-9.686847722530365079e-01
-9.688020724058151734e-01
-9.687340128421783048e-01
-9.688384097814559670e-01
-9.690888190269469904e-01
-9.688373470306396174e-01
-9.688071256875991910e-01
-9.689553880691528231e-01
-9.689009690284728915e-01
-9.686561852693558183e-01
-9.684947150945663052e-01
-9.688769704103470382e-01
-9.687384188175200972e-01
-9.682741844654083607e-01
-9.683666765689850076e-01
-9.689509212970733865e-01
-9.684075379371642756e-01
-9.686563146114349765e-01
-9.689463996887206498e-01
-9.681909656524658736e-01
-9.686280792951583729e-01
-9.683123362064361972e-01
-9.684662383794784279e-01
-9.686511349678039728e-01
-9.689178204536438299e-01
-9.679950428009033159e-01
-9.686303043365478427e-01
-9.684166306257248058e-01
-9.682535159587860596e-01
-9.686936742067336903e-01
-9.687438869476318049e-01
-9.682362532615661488e-01
-9.686629956960678411e-01
-9.684149491786956387e-01
-9.687087827920913830e-01
-9.680247730016708907e-01
-9.684982609748840066e-01
-9.686515247821807506e-01
-9.683576273918151900e-01
-9.683460485935211359e-01
-9.682632082700729503e-01
-9.688082140684127763e-01
-9.689897119998931441e-01
-9.685409492254257735e-01
-9.685726410150528043e-01
-9.685153758525848477e-01
-9.685493814945220770e-01
-9.686636948585509721e-01
-9.685440564155578524e-01
-9.682044363021851119e-01
-9.685620194673538741e-01
-9.690235859155654774e-01
-9.687227362394332797e-01
-9.687476927042006913e-01
-9.691290229558944258e-01
-9.690695279836654130e-01
-9.690826064348221358e-01
-9.685889190435409413e-01
-9.682965552806854781e-01
-9.681258296966552823e-01
-9.680849599838257102e-01
-9.684471142292022661e-01
-9.686137235164642423e-01
-9.690178167819977206e-01
-9.690038371086120428e-01
-9.685493004322052180e-01
-9.684460842609405873e-01
-9.684681278467178744e-01
-9.687669080495834306e-01
-9.684802401065826238e-01
-9.685551452636719238e-01
-9.689316296577453747e-01
-9.681027269363403631e-01
-9.687111443281173351e-01
-9.681402343511581465e-01
-9.683087122440338090e-01
-9.688320261240005449e-01
-9.685245609283447132e-01
-9.681291627883911177e-01
-9.686867368221282470e-01
-9.686091947555541815e-01
-9.686115723848343073e-01
-9.690762889385223788e-01
-9.683611530065536765e-01
-9.683881342411041482e-01
-9.685624492168426469e-01
-9.685071545839309959e-01
-9.686009496450423972e-01
-9.682621181011199507e-01
-9.686833477020263539e-01
-9.689187091588974399e-01
-9.689951556921004849e-01
-9.685711687803268966e-01
-9.688459563255310547e-01
-9.687958127260207775e-01
-9.686631828546523604e-01
-9.684138268232345137e-01
-9.677207177877426014e-01
-9.684359735250472889e-01
-9.685141259431838678e-01
-9.687099540233612416e-01
-9.688882988691329690e-01
-9.685023796558379638e-01
-9.688823354244232577e-01
-9.685400676727294877e-01
-9.688477450609207509e-01
-9.690569525957107855e-01
-9.686202609539031894e-01
-9.688591063022613525e-01
-9.688321274518966186e-01
-9.687306779623031661e-01
-9.682609188556671187e-01
-9.682908016443252386e-01
-9.690077787637710882e-01
-9.686874055862426669e-01
-9.688777655363083330e-01
-9.683324778079986928e-01
-9.683933973312377486e-01
-9.691410410404205367e-01
-9.690606689453125089e-01
-9.690274101495742753e-01
-9.691427677869797197e-01
-9.688085258007049783e-01
-9.683631294965744374e-01
-9.687276357412337724e-01
-9.684049582481384366e-01
-9.688588327169418424e-01
-9.683544963598251787e-01
-9.684422552585602029e-01
-9.687136238813400801e-01
-9.686401569843292592e-01
-9.687243151664733931e-01
-9.684640449285507602e-01
-9.686056971549987793e-01
-9.688675463199615256e-01
-9.688383406400680187e-01
-9.680551171302795854e-01
-9.685483860969543723e-01
-9.688454240560531172e-01
-9.691000288724899159e-01
-9.691500782966613325e-01
-9.688647949695586847e-01
-9.685836362838745606e-01
-9.680320626497268544e-01
-9.687505435943603027e-01
-9.686638271808624134e-01
-9.686562532186507868e-01
-9.687434202432632091e-01
-9.687506914138793723e-01
-9.687804591655730935e-01
-9.686014896631240934e-01
-9.684357351064681874e-01
-9.684783768653869584e-01
-9.686994349956512540e-01
-9.684683918952942117e-01
-9.685353165864944991e-01
-9.686208814382553101e-01
-9.688618332147598267e-01
-9.683689707517624257e-01
-9.681840360164641890e-01
-9.687532085180282637e-01
-9.686925238370895919e-01
-9.681563800573349532e-01
-9.684739601612091242e-01
-9.690293484926223444e-01
-9.691600239276886297e-01
-9.690806627273559348e-01
-9.688321864604949596e-01
-9.687950295209885043e-01
-9.684291946887969571e-01
-9.684734833240509211e-01
-9.686084181070327981e-01
-9.693197679519652832e-01
-9.689179146289825795e-01
-9.689684104919433771e-01
-9.685744988918304488e-01
-9.687614411115645918e-01
-9.689506042003631636e-01
-9.689533138275145951e-01
-9.684966909885406317e-01
-9.683428633213043701e-01
-9.687930846214294345e-01
-9.686399501562118486e-01
-9.686049127578735263e-01
-9.690928316116332875e-01
-9.688316196203231589e-01
-9.685752564668654863e-01
-9.686490201950073153e-01
-9.688596761226654364e-01
-9.681941312551498591e-01
-9.685217344760894687e-01
-9.684031647443771540e-01
-9.692480289936065141e-01
-9.684865009784698886e-01
-9.690977299213409113e-01
-9.685467261075973999e-01
-9.685262209177016857e-01
-9.689602446556091486e-01
-9.686062115430832398e-01
-9.683868908882140580e-01
-9.683988362550735030e-01
-9.689468288421630993e-01
-9.684591662883758056e-01
-9.686426335573196100e-01
-9.689924806356430276e-01
-9.687686657905578702e-01
-9.677126884460449663e-01
-9.685305392742157293e-01
-9.684354305267334206e-01
-9.685396939516067727e-01
-9.682724469900131359e-01
-9.681396579742431729e-01
-9.684652304649352672e-01
-9.684367656707764116e-01
-9.683622360229492410e-01
-9.691151541471481057e-01
-9.685633474588394298e-01
-9.681874597072601674e-01
-9.685906028747558461e-01
-9.690509730577469005e-01
-9.682742893695831521e-01
-9.686017370223999334e-01
-9.689536857604980069e-01
-9.683000135421753196e-01
-9.685137355327606556e-01
-9.688746839761733787e-01
-9.685740375518798739e-01
-9.688992273807525146e-01
-9.684010571241379317e-01
-9.689184802770615113e-01
-9.686101752519608032e-01
-9.689613980054855302e-01
-9.683772379159927279e-01
-9.684551519155502053e-01
-9.686193495988846269e-01
-9.685189330577850253e-01
-9.687876904010772616e-01
-9.687216252088546309e-01
-9.688189923763275146e-01
-9.688492006063461615e-01
-9.684927588701248702e-01
-9.686570453643799095e-01
-9.686757439374923395e-01
-9.681534123420715288e-01
-9.689203476905823287e-01
-9.685879427194595825e-01
-9.686821109056472645e-01
-9.690765440464019775e-01
-9.685930079221725109e-01
-9.687026578187942771e-01
-9.687982320785522017e-01
-9.683752578496932495e-01
-9.683877217769623069e-01
-9.688162529468535844e-01
-9.690366733074188277e-01
-9.684094864130020630e-01
-9.684542983770370039e-01
-9.676162493228912531e-01
-9.685124021768569680e-01
-9.688276332616806430e-01
-9.685500293970108476e-01
-9.686486476659774691e-01
-9.692134261131286621e-01
-9.687490403652191384e-01
-9.689667081832885609e-01
-9.686965775489807529e-01
-9.688226890563964577e-01
-9.681276834011077748e-01
-9.687690931558609053e-01
-9.682959103584289906e-01
-9.687668573856353937e-01
-9.688968259096145674e-01
-9.683897960186004239e-01
-9.690706080198288053e-01
-9.691042912006377907e-01
-9.690247625112533569e-01
-9.684316921234130682e-01
-9.690388053655624168e-01
-9.684731888771057617e-01
-9.685815370082855313e-01
-9.688994276523590354e-01
-9.688185542821884377e-01
-9.690464317798614946e-01
-9.685853499174118530e-01
-9.685864281654358310e-01
-9.689244920015335216e-01
-9.687544143199920965e-01
-9.691520190238952503e-01
-9.686994308233261020e-01
-9.686682808399200706e-01
-9.681843566894531294e-01
-9.687818390130996660e-01
-9.679488825798034934e-01
-9.688057512044906394e-01
-9.688045299053191783e-01
-9.688622635602951449e-01
-9.693208825588226496e-01
-9.683309465646743330e-01
-9.688088381290436146e-01
-9.681828725337982000e-01
-9.684402948617935047e-01
-9.681710934638977362e-01
-9.690886032581329523e-01
-9.687532889842986883e-01
-9.685499781370162653e-01
-9.686490815877913940e-01
-9.683283644914627564e-01
-9.685203200578689220e-01
-9.684420651197434005e-01
-9.686334121227264671e-01
-9.686652594804763261e-01
-9.685757106542587369e-01
-9.683706891536713046e-01
-9.689844590425491511e-01
-9.686821633577347157e-01
-9.681300199031830367e-01
-9.688897293806075783e-01
-9.693798232078552068e-01
-9.690963989496230724e-01
-9.685634839534759122e-01
-9.686081045866012929e-01
-9.684034037590026900e-01
-9.689105927944183794e-01
-9.687689673900604648e-01
-9.687961459159850630e-01
-9.686696261167526689e-01
-9.685501807928085238e-01
-9.689005404710769875e-01
-9.687260770797729847e-01
-9.688151592016219782e-01
-9.685951334238052102e-01
-9.692139095067977550e-01
-9.686652255058288974e-01
-9.691123729944228771e-01
-9.687447869777678910e-01
-9.690865474939346358e-01
-9.688363128900527865e-01
-9.685923302173614635e-01
-9.687832313776015836e-01
-9.691299015283584284e-01
-9.688464146852493464e-01
-9.690425920486450684e-01
-9.691216170787810835e-01
-9.687352615594864158e-01
-9.688320404291153043e-01
-9.690223258733748901e-01
-9.688412493467331021e-01
-9.690665000677108898e-01
-9.687590259313583196e-01
-9.689024275541305853e-01
-9.686084222793579501e-01
-9.686797183752059448e-01
-9.683682453632355136e-01
-9.689244651794433061e-01
-9.687564617395401090e-01
-9.684706926345825195e-01
-9.684011071920395342e-01
-9.689329552650451927e-01
-9.682843148708343284e-01
-9.686444395780563488e-01
-9.688978779315948753e-01
-9.683428651094436734e-01
-9.686515116691589711e-01
-9.686282461881637884e-01
-9.687638944387435558e-01
-9.690699982643127264e-01
-9.688053387403487982e-01
-9.686810010671615956e-01
-9.686144411563872847e-01
-9.688811123371123823e-01
-9.686193209886551081e-01
-9.683899873495102062e-01
-9.688194406032561989e-01
-9.689118194580078613e-01
-9.684049886465072587e-01
-9.683058071136474432e-01
-9.678224867582321256e-01
-9.689748054742812755e-01
-9.682769846916198242e-01
-9.682671487331390159e-01
-9.680937415361404730e-01
-9.682891702651977850e-01
-9.685321348905563399e-01
-9.685614395141601829e-01
-9.682883447408676680e-01
-9.689160567522049350e-01
-9.684544432163239014e-01
-9.685892403125763161e-01
-9.685327488183975708e-01
-9.686631834506989058e-01
-9.687589925527572143e-01
-9.686491477489471702e-01
-9.681009852886199862e-01
-9.685720258951187045e-01
-9.688542133569717496e-01
-9.689491873979568792e-01
-9.688587248325347678e-01
-9.688003450632095559e-01
-9.688749307394027843e-01
-9.690336829423904508e-01
-9.691121095418929743e-01
-9.688075274229049905e-01
-9.692423892021179155e-01
-9.694045561552048218e-01
-9.691968452930450617e-01
-9.686245656013489080e-01
-9.690410125255585205e-01
-9.686781001091003818e-01
-9.681507402658462436e-01
-9.684278887510299194e-01
-9.684045219421386630e-01
-9.687975287437439187e-01
-9.682638490200042858e-01
-9.687052983045577603e-01
-9.688850677013397528e-01
-9.687829232215880992e-01
-9.690266847610473633e-01
-9.688187158107757213e-01
-9.687823837995529486e-01
-9.687855017185210693e-01
-9.687676382064819292e-01
-9.685856157541274936e-01
-9.687936252355575650e-01
-9.689964628219605025e-01
-9.688705533742905107e-01
-9.689926576614379394e-01
-9.685861897468567294e-01
-9.684820657968521429e-01
-9.683563762903213412e-01
-9.681510686874389426e-01
-9.684950345754623768e-01
-9.680287045240402177e-01
-9.686219185590744241e-01
-9.686971253156662076e-01
-9.682741552591324075e-01
-9.685537171363830522e-01
-9.679121142625808361e-01
-9.681487691402435036e-01
-9.685194599628448309e-01
-9.686278837919235496e-01
-9.683915364742279319e-01
-9.687351334095001265e-01
-9.682546061277389482e-01
-9.685951882600783991e-01
-9.686778974533081232e-01
-9.687794137001037864e-01
-9.686164134740828935e-01
-9.688341206312179876e-01
-9.688665372133254960e-01
-9.692244309186935913e-01
-9.690262579917907626e-01
-9.685400193929671886e-01
-9.685502088069916082e-01
-9.687477320432662520e-01
-9.681118023395538508e-01
-9.683082854747772084e-01
-9.684763765335082653e-01
-9.687573277950286554e-01
-9.680914568901062278e-01
-9.683552461862564575e-01
-9.686989593505859197e-01
-9.688557273149490667e-01
-9.683264815807341996e-01
-9.688500678539275768e-01
-9.689048123359680353e-01
-9.685184741020202992e-01
-9.690105986595153320e-01
-9.680122905969619218e-01
-9.685612994432449829e-01
-9.687135106325149847e-01
-9.683174449205398382e-01
-9.687773960828781616e-01
-9.684005677700042725e-01
-9.683023065328597578e-01
-9.687502646446227716e-01
-9.687389564514160556e-01
-9.691258293390273559e-01
-9.690240192413329678e-01
-9.685270637273788452e-01
-9.680865204334259122e-01
-9.686369788646698176e-01
-9.683987504243850575e-01
-9.692215991020202148e-01
-9.693476033210753906e-01
-9.685380440950394076e-01
-9.683819317817687899e-01
-9.687533134222030551e-01
-9.689454013109206620e-01
-9.689875566959380571e-01
-9.689438408613204601e-01
-9.691495829820633290e-01
-9.689420950412750422e-01
-9.689463090896606179e-01
-9.691294240951537908e-01
-9.691436481475830256e-01
-9.690342104434966908e-01
-9.690827500820159424e-01
-9.689233660697936790e-01
-9.685701185464858920e-01
-9.691795861721038685e-01
-9.688229048252106068e-01
-9.689355170726776656e-01
-9.691027784347534535e-01
-9.689585030078887717e-01
-9.684817242622375533e-01
-9.682923930883408081e-01
-9.688567680120467873e-01
-9.686708152294158936e-01
-9.683506166934967574e-01
-9.683900964260101496e-01
-9.690638923645019664e-01
-9.679931968450545821e-01
-9.689117759466171487e-01
-9.684325146675110130e-01
-9.687549740076064619e-01
-9.692930954694748413e-01
-9.686903303861618131e-01
-9.685610079765319957e-01
-9.689087688922881636e-01
-9.684817695617675692e-01
-9.690636068582534346e-01
-9.681570154428481567e-01
-9.685667014122009144e-01
-9.689961981773376198e-01
-9.688978230953216864e-01
-9.681796908378601518e-01
-9.689137381315231501e-01
-9.679044234752655074e-01
-9.676328754425048695e-01
-9.684958297014236717e-01
-9.692765301465988692e-01
-9.688212960958481057e-01
-9.695398497581482200e-01
-9.683716917037963334e-01
-9.689829671382903520e-01
-9.683835965394973488e-01
-9.686896872520446289e-01
-9.681802785396576017e-01
-9.679861652851105003e-01
-9.685739672183990567e-01
-9.685240805149077925e-01
-9.688722199201583729e-01
-9.686742138862609597e-01
-9.687562048435210960e-01
-9.688756400346756337e-01
-9.688144648075103227e-01
-9.685204637050628396e-01
-9.689704889059066462e-01
-9.686339813470840054e-01
-9.687335699796676414e-01
-9.686349576711654752e-01
-9.682951396703720626e-01
-9.688837242126464577e-01
-9.689215314388275324e-01
-9.681893819570541737e-01
-9.685644316673278631e-01
-9.687246841192245217e-01
-9.687848401069640847e-01
-9.688663750886916670e-01
-9.683705449104309526e-01
-9.685614699125290050e-01
-9.692128050327301070e-01
-9.687364846467971802e-01
-9.690517836809158236e-01
-9.684375172853469937e-01
-9.688208562135696145e-01
-9.685147786140442250e-01
-9.688233959674835694e-01
-9.683625924587250244e-01
-9.688078743219376010e-01
-9.686887311935424849e-01
-9.687597191333771063e-01
-9.690155887603759677e-01
-9.687339764833450273e-01
-9.689895629882812056e-01
-9.688293832540512129e-01
-9.688554942607879861e-01
-9.691364651918411566e-01
-9.685557830333709761e-01
-9.690542083978652688e-01
-9.684145230054855835e-01
-9.687717598676681696e-01
-9.688233214616776001e-01
-9.689927011728286521e-01
-9.685689777135848555e-01
-9.684065127372741832e-01
-9.683285850286483809e-01
-9.689184027910232588e-01
-9.682292503118514748e-01
-9.683615142107009355e-01
-9.684823590517044334e-01
-9.686130261421204146e-01
-9.686406528949738082e-01
-9.686731493473053067e-01
-9.684593915939331277e-01
-9.686729437112808760e-01
-9.684850263595581321e-01
-9.683905714750289384e-01
-9.685581469535827770e-01
-9.685753577947616710e-01
-9.686193573474883856e-01
-9.679392504692078125e-01
-9.684510350227355513e-01
-9.686806333065033359e-01
-9.684566158056259200e-01
-9.683809256553650435e-01
-9.687277096509933072e-01
-9.684079855680465254e-01
-9.688448953628540083e-01
-9.688304466009139970e-01
-9.688972592353820579e-01
-9.687638628482818648e-01
-9.689466804265975952e-01
-9.683949780464172763e-01
-9.687533813714981346e-01
-9.692653852701187400e-01
-9.691752970218658891e-01
-9.686315852403640791e-01
-9.691312378644942882e-01
-9.691503131389618275e-01
-9.688422107696532670e-01
-9.688585364818572687e-01
-9.687957233190536144e-01
-9.686137968301773427e-01
-9.687640643119812545e-01
-9.686777508258819225e-01
-9.689141935110092696e-01
-9.689506995677947820e-01
-9.691477119922637939e-01
-9.690747785568237793e-01
-9.694420248270034790e-01
-9.689645755290985374e-01
-9.685686856508255449e-01
-9.680786859989166659e-01
-9.688527953624724853e-01
-9.685262030363083197e-01
-9.688093119859695346e-01
-9.691355735063552634e-01
-9.693412530422210738e-01
-9.687417268753051314e-01
-9.686700665950774836e-01
-9.684472167491913197e-01
-9.687399113178253307e-01
-9.691610926389694347e-01
-9.691424304246902821e-01
-9.689412230253219294e-01
-9.690494048595428289e-01
-9.690210288763045909e-01
-9.691525936126709206e-01
-9.688034451007843106e-01
-9.689110785722732100e-01
-9.689167958498000610e-01
-9.691702711582184104e-01
-9.686044132709503707e-01
-9.686920750141143621e-01
-9.689156532287597212e-01
-9.685514283180236550e-01
-9.689266186952590898e-01
-9.685737156867980646e-01
-9.690786111354827703e-01
-9.692658275365829690e-01
-9.691099506616592807e-01
-9.686678016185760187e-01
-9.685229963064193592e-01
-9.687989330291748580e-01
-9.686716836690902888e-01
-9.684649139642715898e-01
-9.684171235561370716e-01
-9.684867072105407537e-01
-9.686600315570831343e-01
-9.689244550466536987e-01
-9.687608307600021895e-01
-9.688708847761153820e-01
-9.685850012302398282e-01
-9.686139899492264282e-01
-9.690689021348952714e-01
-9.688575381040572809e-01
-9.692787879705428988e-01
-9.688121235370635853e-01
-9.684028011560440463e-01
-9.686412179470061945e-01
-9.685776996612548428e-01
-9.687486433982849254e-01
-9.686978662014007480e-01
-9.687818396091461004e-01
-9.682671028375625655e-01
-9.686900502443314132e-01
-9.688201498985290483e-01
-9.682112866640091298e-01
-9.679879325628281128e-01
-9.683504235744476718e-01
-9.687383460998535423e-01
-9.688151770830154552e-01
-9.689033222198486506e-01
-9.681043589115142511e-01
-9.681360960006714089e-01
-9.686282175779342696e-01
-9.688077056407928822e-01
-9.689618575572968018e-01
-9.686926537752151845e-01
-9.693402355909347401e-01
-9.690354585647582564e-01
-9.691321372985839400e-01
-9.685528546571731123e-01
-9.680269557237625166e-01
-9.687378501892089933e-01
-9.685686653852463301e-01
-9.683720552921295521e-01
-9.681557017564773604e-01
-9.689000260829925271e-01
-9.681662458181381492e-01
-9.679293417930603383e-01
-9.680377888679504439e-01
-9.682995718717575251e-01
-9.682316035032272339e-01
-9.682178550958633334e-01
-9.684086304903030129e-01
-9.684957295656204668e-01
-9.686912763118743497e-01
-9.678271824121474909e-01
-9.687749969959259522e-01
-9.687225967645645142e-01
-9.685083466768265037e-01
-9.689319366216659901e-01
-9.677936637401580722e-01
-9.685490226745605558e-01
-9.682073861360549483e-01
-9.691077536344527843e-01
-9.680196911096572432e-01
-9.686819207668304621e-01
-9.684796798229217130e-01
-9.684914982318878485e-01
-9.687507045269012629e-01
-9.684623908996582431e-01
-9.683547669649124057e-01
-9.689853727817535622e-01
-9.686749154329299394e-01
-9.686369717121123823e-01
-9.685319507122039928e-01
-9.686301726102829468e-01
-9.685688227415084617e-01
-9.686130964756012318e-01
-9.683965158462524148e-01
-9.685809880495070967e-01
-9.688577109575271518e-01
-9.687474846839905229e-01
-9.686294192075729503e-01
-9.684946829080581798e-01
-9.685585772991180953e-01
-9.686430174112320435e-01
-9.685885548591613992e-01
-9.684381371736526800e-01
-9.687774568796158059e-01
-9.686513364315032515e-01
-9.685477262735366910e-01
-9.687985128164291471e-01
-9.687275069952011597e-01
-9.691645526885985795e-01
-9.682605427503585549e-01
-9.685924142599106057e-01
-9.691822367906570701e-01
-9.685507422685623036e-01
-9.688223826885223877e-01
-9.687944579124451172e-01
-9.688458961248397339e-01
-9.688988310098648471e-01
-9.691026973724364835e-01
-9.689623093605042037e-01
-9.693759226799011364e-01
-9.691058063507079767e-01
-9.689038902521133201e-01
-9.691689366102218539e-01
-9.687870836257934659e-01
-9.685871374607085693e-01
-9.688851803541183028e-01
-9.686492025852203591e-01
-9.688372558355331510e-01
-9.693486756086349132e-01
-9.689985525608062478e-01
-9.688536280393600375e-01
-9.687974274158477339e-01
-9.689624530076980102e-01
-9.691375344991683960e-01
-9.691928094625472667e-01
-9.690319311618804665e-01
-9.686715304851531982e-01
-9.684723871946334661e-01
-9.688296973705291526e-01
-9.684704655408858942e-01
-9.684699100255965698e-01
-9.689103698730469061e-01
-9.690917247533797907e-01
-9.692686605453491033e-01
-9.688258534669875743e-01
-9.685180658102034990e-01
-9.694938904047012418e-01
-9.693613886833191140e-01
-9.687536388635635820e-01
-9.688743567466735485e-01
-9.691476285457610862e-01
-9.687214517593383256e-01
-9.688192790746689154e-01
-9.688430976867675737e-01
-9.690713220834732411e-01
-9.699182111024856612e-01
-9.686542391777038796e-01
-9.690323394536971557e-01
-9.690003317594527710e-01
-9.693674099445342973e-01
-9.689427739381790694e-01
-9.690198165178298684e-01
-9.690523141622543468e-01
-9.687042570114136053e-01
-9.684591764211654130e-01
-9.690824651718139560e-01
-9.692341893911361472e-01
-9.691014522314072011e-01
-9.687890064716339067e-01
-9.691140979528427568e-01
-9.696068638563155595e-01
-9.687745332717895286e-01
-9.691279578208923384e-01
-9.690251839160919367e-01
-9.688700956106185425e-01
-9.689011484384536521e-01
-9.688728934526443792e-01
-9.688457226753235396e-01
-9.687962490320205511e-01
-9.691056847572326882e-01
-9.695087754726410267e-01
-9.691902971267700728e-01
-9.687824440002441584e-01
-9.691746634244918779e-01
-9.693564617633819713e-01
-9.689017951488494429e-01
-9.689273756742476928e-01
-9.685320824384688887e-01
-9.687786191701889260e-01
-9.692387104034423384e-01
-9.692587220668792414e-01
-9.688175725936889471e-01
-9.691074246168136508e-01
-9.691757893562317205e-01
-9.686546653509140459e-01
-9.691525125503539506e-01
-9.687495970726013317e-01
-9.690950620174407781e-01
-9.690333414077758611e-01
-9.686238116025924771e-01
-9.686435216665267856e-01
-9.682919442653655784e-01
-9.686876446008682029e-01
-9.690846395492553889e-01
-9.686950635910034357e-01
-9.685786038637160811e-01
-9.683298265933990567e-01
-9.686323165893554465e-01
-9.687219631671905029e-01
-9.687540465593338368e-01
-9.686521989107131914e-01
-9.688339751958846557e-01
-9.687822866439819158e-01
-9.690285909175873069e-01
-9.687398272752761885e-01
-9.688055491447449263e-01
-9.684412848949431885e-01
-9.692939692735671464e-01
-9.692407536506653098e-01
-9.681171292066573786e-01
-9.689613932371139438e-01
-9.690413653850555864e-01
-9.686480814218521029e-01
-9.687206721305847701e-01
-9.684690922498703225e-01
-9.682200080156326827e-01
-9.689359366893768311e-01
-9.685316020250320790e-01
-9.688130241632461059e-01
-9.687296414375304865e-01
-9.687404084205627486e-01
-9.690349513292312311e-01
-9.689390194416046542e-01
-9.686377662420272427e-01
-9.687967360019683616e-01
-9.682928651571274248e-01
-9.687548315525055243e-01
-9.688991767168044777e-01
-9.681541055440903154e-01
-9.688906931877135920e-01
-9.688211536407470570e-01
-9.687406796216965210e-01
-9.688982969522476063e-01
-9.686381953954696922e-01
-9.678712427616119607e-01
-9.675357317924500045e-01
-9.687786757946014182e-01
-9.689562159776687889e-01
-9.685190814733505293e-01
-9.690175211429595814e-01
-9.686004871129989535e-01
-9.686356866359711049e-01
-9.690754270553588734e-01
-9.688191097974777621e-01
-9.683761036396026922e-01
-9.686413609981536776e-01
-9.684360122680664151e-01
-9.688669776916504217e-01
-9.689892470836639626e-01
-9.688763177394866810e-01
-9.691313779354095992e-01
-9.694259309768676891e-01
-9.689291083812713312e-01
-9.693163257837295044e-01
-9.686075699329376176e-01
-9.689823168516159546e-01
-9.688949942588805930e-01
-9.688982212543487682e-01
-9.690740352869033902e-01
-9.686471796035767134e-01
-9.678314220905304133e-01
-9.683851557970046819e-01
-9.680329716205596791e-01
-9.685147899389267012e-01
-9.685523307323455899e-01
-9.687399166822433516e-01
-9.683081507682800293e-01
-9.675937342643737837e-01
-9.691914504766464544e-01
-9.685345798730849998e-01
-9.683012211322784557e-01
-9.687762200832367165e-01
-9.685707241296768188e-01
-9.680742233991622703e-01
-9.685287845134734619e-01
-9.681790161132812766e-01
-9.685252654552459761e-01
-9.685017579793929743e-01
-9.683632397651672497e-01
-9.686383861303329290e-01
-9.686684626340865689e-01
-9.682102698087692305e-01
-9.683253389596938598e-01
-9.681779700517654241e-01
-9.685819649696350009e-01
-9.686146575212478682e-01
-9.687774634361266957e-01
-9.689174497127532870e-01
-9.688541227579117177e-01
-9.685480189323425471e-01
-9.685826462507247658e-01
-9.686507040262222201e-01
-9.687496846914291915e-01
-9.686013197898865057e-01
-9.687993413209915472e-01
-9.686998605728149858e-01
-9.689083445072174117e-01
-9.686282330751418979e-01
-9.688148170709609541e-01
-9.687220460176467762e-01
-9.686960411071777743e-01
-9.684386372566222700e-01
-9.687207907438277754e-01
-9.689646875858306529e-01
-9.690760689973830777e-01
-9.696788924932480125e-01
-9.693443393707275035e-01
-9.689366805553436546e-01
-9.688724082708358720e-01
-9.687308120727539107e-01
-9.688024699687958208e-01
-9.689056354761124146e-01
-9.690441244840621859e-01
-9.692105793952942028e-01
-9.694982427358627142e-01
-9.689718711376190674e-01
-9.690914148092270031e-01
-9.690855205059051292e-01
-9.688368600606918069e-01
-9.688988310098648471e-01
-9.685388255119323775e-01
-9.688097888231277377e-01
-9.684899610280990334e-01
-9.686178642511368286e-01
-9.692041212320328114e-01
-9.690673464536666559e-01
-9.691992753744125277e-01
-9.691456347703933938e-01
-9.689079850912094560e-01
-9.691301095485687078e-01
-9.685138970613479392e-01
-9.679828912019730058e-01
-9.688634043931960704e-01
-9.685925740003585860e-01
-9.683321738243102494e-01
-9.687920773029327082e-01
-9.689324462413787531e-01
-9.688951587677001598e-01
-9.692568558454514038e-01
-9.685910636186599865e-01
-9.692320346832274947e-01
-9.687340474128722789e-01
-9.695105046033859475e-01
-9.687992292642593206e-01
-9.686038351058959828e-01
-9.687311327457428511e-01
-9.687811434268951416e-01
-9.685078251361847190e-01
-9.686554795503616866e-01
-9.684658271074294555e-01
-9.682511216402054366e-01
-9.689134770631789850e-01
-9.689237552881241333e-01
-9.684975421428680953e-01
-9.686761027574539717e-01
-9.693130987882614402e-01
-9.684452706575393810e-01
-9.683658933639526234e-01
-9.684505248069763539e-01
-9.689523315429687811e-01
-9.688810330629348266e-01
-9.689412242174149092e-01
-9.684173363447189375e-01
-9.682211142778396340e-01
-9.686011224985122681e-01
-9.689024645090102972e-01
-9.685552227497100652e-01
-9.688220065832138239e-01
-9.691638958454131814e-01
-9.688337600231170521e-01
-9.686118710041046187e-01
-9.686623907089233487e-01
-9.690360653400421631e-01
-9.687460923194884943e-01
-9.687545299530029297e-01
-9.686508524417877242e-01
-9.688211053609847578e-01
-9.678577667474747015e-01
-9.688464921712874878e-01
-9.686844807863235207e-01
-9.684118646383285123e-01
-9.692319947481154996e-01
-9.687893342971801713e-01
-9.687621670961380493e-01
-9.689136058092117088e-01
-9.691163975000381958e-01
-9.685303610563278376e-01
-9.691489011049270186e-01
-9.687534666061401456e-01
-9.692184245586394908e-01
-9.686442965269088656e-01
-9.695097553730011031e-01
-9.689300525188445645e-01
-9.688410758972167969e-01
-9.688869780302047374e-01
-9.687291455268859375e-01
-9.686576682329177679e-01
-9.689018142223357888e-01
-9.694852471351623757e-01
-9.685376858711243209e-01
-9.693692213296890570e-01
-9.689894491434096757e-01
-9.690700513124466120e-01
-9.693058902025222245e-01
-9.692172026634215953e-01
-9.690071463584899458e-01
-9.683777666091919478e-01
-9.682718724012374656e-01
-9.687209522724151700e-01
-9.687817144393920943e-01
-9.688385337591171043e-01
-9.690459436178207042e-01
-9.682159310579300238e-01
-9.686111289262772095e-01
-9.684628880023956610e-01
-9.686030817031859863e-01
-9.684767031669616610e-01
-9.688696050643921254e-01
-9.693551874160766246e-01
-9.687423813343047918e-01
-9.685799568891525491e-01
-9.687131863832473266e-01
-9.691765737533569736e-01
-9.686610871553420488e-01
-9.682438981533050271e-01
-9.685937464237213135e-01
-9.685387629270553189e-01
-9.686402755975723755e-01
-9.684894156455993164e-01
-9.683079260587692527e-01
-9.688658899068832708e-01
-9.685015308856964600e-01
-9.688337045907974288e-01
-9.680208009481430231e-01
-9.678269696235656250e-01
-9.682205009460449485e-01
-9.685509306192398027e-01
-9.687916004657745050e-01
-9.684491485357284990e-01
-9.689536809921264204e-01
-9.686161094903945612e-01
-9.688720583915710893e-01
-9.687996459007263139e-01
-9.685334050655365346e-01
-9.684995311498642012e-01
-9.689770877361297829e-01
-9.688290929794312056e-01
-9.692032283544540494e-01
-9.689609479904174316e-01
-9.687160295248031794e-01
-9.686315000057220681e-01
-9.689054232835769831e-01
-9.688533288240432917e-01
-9.687382268905639915e-01
-9.681122779846191850e-01
-9.682792198657989013e-01
-9.687017256021499545e-01
-9.685247200727462591e-01
-9.684199678897857932e-01
-9.688805508613586026e-01
-9.690911412239074929e-01
-9.690585130453109874e-01
-9.686784195899963423e-01
-9.689556640386581821e-01
-9.692147243022918301e-01
-9.686329728364944103e-01
-9.687970346212386730e-01
-9.685616928339004783e-01
-9.689868164062499512e-01
-9.692782479524612027e-01
-9.678612756729125799e-01
-9.691759002208709672e-01
-9.692220324277878163e-01
-9.691719442605972734e-01
-9.695221489667892323e-01
-9.692425304651259843e-01
-9.692368018627166570e-01
-9.687633550167084051e-01
-9.685533046722412109e-01
-9.685569238662720126e-01
-9.689430731534958152e-01
-9.687675911188126099e-01
-9.690619558095932007e-01
-9.686760884523392123e-01
-9.685225564241409790e-01
-9.688971006870269465e-01
-9.686648541688919201e-01
-9.687031894922256692e-01
-9.687930995225906283e-01
-9.685118466615676436e-01
-9.685382568836211625e-01
-9.684631246328353482e-01
-9.682934957742691529e-01
-9.681099301576614469e-01
-9.687037169933319092e-01
-9.686807125806808916e-01
-9.691716110706329879e-01
-9.684308505058288885e-01
-9.680897015333175259e-01
-9.683513575792312977e-01
-9.686073219776153431e-01
-9.683768689632415994e-01
-9.687233090400695357e-01
-9.690491461753845126e-01
-9.686642104387283014e-01
-9.690970951318740312e-01
-9.687969291210174472e-01
-9.692086356878281128e-01
-9.685698503255844027e-01
-9.683111357688903853e-01
-9.685633474588394298e-01
-9.688097518682480258e-01
-9.685245090723038075e-01
-9.689843237400055376e-01
-9.685994464159012329e-01
-9.687401556968688876e-01
-9.687495148181914928e-01
-9.690917283296585083e-01
-9.691470247507095737e-01
-9.691993874311447543e-01
-9.688953810930251986e-01
-9.689090037345886586e-01
-9.691985589265823542e-01
-9.689841794967651856e-01
-9.689502829313277887e-01
-9.688442283868790028e-01
-9.685729694366455034e-01
-9.682912528514862061e-01
-9.688175559043884499e-01
-9.689609956741332963e-01
-9.684995025396346824e-01
-9.685683274269103471e-01
-9.685183268785476640e-01
-9.688868463039398415e-01
-9.690682804584502819e-01
-9.677577543258667481e-01
-9.685086512565612704e-01
-9.682392799854278032e-01
-9.683717960119246904e-01
-9.686087989807128373e-01
-9.687823027372359785e-01
-9.686327761411667181e-01
-9.684164774417877153e-01
-9.686379718780517845e-01
-9.685723757743835982e-01
-9.686895698308944924e-01
-9.685740059614181829e-01
-9.688465642929077193e-01
-9.686133724451064797e-01
-9.688167941570281494e-01
-9.685361880064010665e-01
-9.685211622714996471e-01
-9.685067886114120395e-01
-9.687203544378281128e-01
-9.691303157806396840e-01
-9.687964606285095481e-01
-9.687470984458923517e-01
-9.685850638151168868e-01
-9.691701191663741888e-01
-9.691849899291992143e-01
-9.694815635681152122e-01
-9.691655135154724210e-01
-9.687419521808624534e-01
-9.685057604312896640e-01
-9.686038154363632025e-01
-9.686397343873978105e-01
-9.687955164909363148e-01
-9.689919704198837191e-01
-9.690310001373291238e-01
-9.690712082386017112e-01
-9.692441064119339256e-01
-9.690793859958648504e-01
-9.689772099256515059e-01
-9.691348570585250899e-01
-9.687193375825882136e-01
-9.684414559602737560e-01
-9.691486495733261375e-01
-9.686332672834396806e-01
-9.691412585973739890e-01
-9.689608794450760287e-01
-9.689554339647292736e-01
-9.688981395959853637e-01
-9.689496815204620139e-01
-9.692954224348068193e-01
-9.693215316534042891e-01
-9.686893731355666892e-01
-9.690095490217208729e-01
-9.688228237628936368e-01
-9.691418039798737061e-01
-9.687391680479049416e-01
-9.687902992963790538e-01
-9.684669399261474076e-01
-9.693321591615676747e-01
-9.691307538747787609e-01
-9.692590886354446322e-01
-9.690860402584076105e-01
-9.688220512866974055e-01
-9.683304339647292869e-01
-9.688218414783478227e-01
-9.692752134799956787e-01
-9.687962740659713523e-01
-9.694480085372925160e-01
-9.688708174228668479e-01
-9.690383851528168169e-01
-9.691859328746795788e-01
-9.691236388683318603e-01
-9.693385237455367509e-01
-9.689865767955779807e-01
-9.692884182929992765e-01
-9.693361788988112959e-01
-9.685321938991546808e-01
-9.693777567148208485e-01
-9.690948557853699130e-01
-9.691743916273116710e-01
-9.691046756505966586e-01
-9.689758390188216719e-01
-9.692051976919173750e-01
-9.693813085556030051e-01
-9.694883233308791981e-01
-9.691696470975875721e-01
-9.690665453672409058e-01
-9.686506164073943603e-01
-9.688128399848937589e-01
-9.686533290147781861e-01
-9.688069957494735984e-01
-9.684901326894760354e-01
-9.687835204601288330e-01
-9.689688920974731667e-01
-9.685136854648590532e-01
-9.685156655311584206e-01
-9.688541865348816451e-01
-9.685734808444976807e-01
-9.689199489355087014e-01
-9.685743415355682062e-01
-9.688062441349029053e-01
-9.691316854953765381e-01
-9.692848384380340354e-01
-9.688556647300720082e-01
-9.682152247428894576e-01
-9.686407423019409713e-01
-9.688643580675124767e-01
-9.690010827779770297e-01
-9.688346469402313588e-01
-9.690424060821533070e-01
-9.688766926527023760e-01
-9.686870288848876687e-01
-9.687915879487991599e-01
-9.685622680187225830e-01
-9.685453265905380471e-01
-9.689284294843674150e-01
-9.687089371681213423e-01
-9.690096998214721147e-01
-9.688174325227737471e-01
-9.691235518455505460e-01
-9.686533892154693959e-01
-9.686545103788375410e-01
-9.690406441688537154e-01
-9.685323154926299694e-01
-9.682496625185013084e-01
-9.687149810791015891e-01
-9.695530319213867543e-01
-9.690191060304641502e-01
-9.691451996564864890e-01
-9.683079707622528343e-01
-9.693946290016174361e-01
-9.694399470090866444e-01
-9.689892619848251565e-01
-9.689831233024597257e-01
-9.693854200839996382e-01
-9.692105412483215110e-01
-9.688455069065093905e-01
-9.688371449708939043e-01
-9.688768446445464866e-01
-9.691128921508789240e-01
-9.687046587467194048e-01
-9.686492145061492698e-01
-9.687151253223419411e-01
-9.693833959102630127e-01
-9.689214688539504738e-01
-9.686246967315673695e-01
-9.692817598581313643e-01
-9.691951078176498369e-01
-9.688703525066375555e-01
-9.697972893714904563e-01
-9.692980021238326582e-01
-9.696614295244216919e-01
-9.691178721189498413e-01
-9.692403966188430919e-01
-9.689903390407562656e-01
-9.684281170368194136e-01
-9.690895742177962902e-01
-9.681190216541289972e-01
-9.688061416149139626e-01
-9.695198839902877674e-01
-9.690897279977798151e-01
-9.696065938472747670e-01
-9.690061545372009588e-01
-9.686691719293594183e-01
-9.687590944766998335e-01
-9.692897307872772039e-01
-9.687369734048842940e-01
-9.692377752065658436e-01
-9.692418676614761308e-01
-9.694870930910109985e-01
-9.695840758085251254e-01
-9.687334758043288918e-01
-9.685830157995224399e-01
-9.690142542123794112e-01
-9.689564162492751986e-01
-9.691777306795120728e-01
-9.687433165311812866e-01
-9.685204488039016457e-01
-9.689015102386474565e-01
-9.686664855480193737e-01
-9.690261453390121016e-01
-9.688041979074477617e-01
-9.687792378664016324e-01
-9.692350977659225375e-01
-9.691349500417709706e-01
-9.688978195190429688e-01
-9.683385473489761752e-01
-9.692266291379928456e-01
-9.690089136362075584e-01
-9.694082456827163297e-01
-9.691283082962036666e-01
-9.689716064929961847e-01
-9.690464037656784102e-01
-9.690322983264922918e-01
-9.688164734840393200e-01
-9.688757449388504250e-01
-9.691757661104202226e-01
-9.688412147760391280e-01
-9.689600396156311524e-01
-9.692803180217742787e-01
-9.687394511699676247e-01
-9.690221005678176791e-01
-9.686369121074676070e-01
-9.686102777719497459e-01
-9.688373321294784235e-01
-9.687063831090927390e-01
-9.689479839801787842e-01
-9.688519072532654208e-01
-9.682593822479248491e-01
-9.688501286506653321e-01
-9.691577458381652743e-01
-9.688194698095321522e-01
-9.688236463069915816e-01
-9.680851805210113348e-01
-9.689385968446732056e-01
-9.689930063486099643e-01
-9.685370045900344449e-01
-9.685667651891708418e-01
-9.685517418384551602e-01
-9.686963361501693681e-01
-9.686244815587997659e-01
-9.690442758798599732e-01
-9.692898768186569702e-01
-9.689888072013854714e-01
-9.690068215131759644e-01
-9.687493246793746904e-01
-9.688170146942138850e-01
-9.687208646535873102e-01
-9.690362578630447032e-01
-9.689322394132614535e-01
-9.689807689189910977e-01
-9.695000827312469927e-01
-9.692928022146225508e-01
-9.689298981428146051e-01
-9.688895952701568337e-01
-9.688114666938781872e-01
-9.684736692905425715e-01
-9.687308180332183660e-01
-9.684440404176711814e-01
-9.680239653587341397e-01
-9.688468426465988159e-01
-9.691102129220962036e-01
-9.690002632141113681e-01
-9.695399022102355602e-01
-9.689896941184997781e-01
-9.685793024301528886e-01
-9.688031518459320202e-01
-9.692522567510605258e-01
-9.691752803325652810e-01
-9.680721235275268066e-01
-9.693478792905807495e-01
-9.685463601350784435e-01
-9.685231447219848633e-01
-9.690997040271759344e-01
-9.690243542194366677e-01
-9.687536507844924927e-01
-9.694408553838730347e-01
-9.688200634717941684e-01
-9.687058043479919167e-01
-9.688870906829833984e-01
-9.688981652259827104e-01
-9.693729531764984086e-01
-9.688240176439285589e-01
-9.692486935853957819e-01
-9.687526613473892434e-01
-9.686599737405776622e-01
-9.684106475114822032e-01
-9.692606830596923739e-01
-9.692450129985809015e-01
-9.690642821788787442e-01
-9.690324223041534291e-01
-9.687643498182296753e-01
-9.694783222675323886e-01
-9.689635509252547685e-01
-9.686041432619094671e-01
-9.686011922359466508e-01
-9.692259943485259654e-01
-9.691187435388565197e-01
-9.690336984395980791e-01
-9.690081667900085627e-01
-9.689639371633529397e-01
-9.691565012931824263e-01
-9.694979637861251831e-01
-9.684349089860916360e-01
-9.694726073741912753e-01
-9.690609216690063699e-01
-9.688844376802444591e-01
-9.695003080368042037e-01
-9.691461658477783514e-01
-9.687146717309951249e-01
-9.686412364244461060e-01
-9.683970838785171953e-01
-9.685844922065734997e-01
-9.688839906454086437e-01
-9.689426082372665228e-01
-9.689800447225570545e-01
-9.692415392398834317e-01
-9.688000422716140925e-01
-9.692009687423706055e-01
-9.687006366252899348e-01
-9.687915897369384632e-01
-9.686330783367157471e-01
-9.694396960735320867e-01
-9.687451595067977372e-01
-9.690902626514434903e-01
-9.686149793863296775e-01
-9.687156969308853283e-01
-9.694184809923171997e-01
-9.691468518972397028e-01
-9.694020462036132546e-01
-9.690405732393264637e-01
-9.686315166950225652e-01
-9.689412975311278986e-01
-9.693799704313278420e-01
-9.692988497018814043e-01
-9.693970006704329956e-01
-9.691878634691238892e-01
-9.689133572578429998e-01
-9.683107328414917170e-01
-9.685910308361053156e-01
-9.686063420772552668e-01
-9.690083211660385221e-01
-9.684733712673186945e-01
-9.688742673397063854e-01
-9.685652703046798706e-01
-9.691342902183532892e-01
-9.687091958522796586e-01
-9.695715731382370528e-01
-9.687090533971786099e-01
-9.690699249505996260e-01
-9.688775223493576449e-01
-9.687235802412033081e-01
-9.687483274936675715e-01
-9.694085341691970337e-01
-9.686851322650908980e-01
-9.682924896478652954e-01
-9.690389835834503085e-01
-9.688223785161972357e-01
-9.688949060440062988e-01
-9.685926860570908126e-01
-9.690916788578033403e-01
-9.686619466543198165e-01
-9.689718222618103338e-01
-9.692181044816970958e-01
-9.690095001459121393e-01
-9.686799526214600053e-01
-9.688529223203659058e-01
-9.688428539037704512e-01
-9.683866339921951560e-01
-9.688198566436767578e-01
-9.689797568321227850e-01
-9.686545443534850808e-01
-9.688977032899857011e-01
-9.692717540264129683e-01
-9.687946468591690508e-01
-9.693071866035460893e-01
-9.686435371637344138e-01
-9.689745825529098022e-01
-9.689549040794372958e-01
-9.689577400684357134e-01
-9.680869442224502297e-01
-9.686060678958893222e-01
-9.687010657787322732e-01
-9.685621011257171675e-01
-9.686390626430511075e-01
-9.685106265544891624e-01
-9.681663465499877885e-01
-9.690416741371155052e-01
-9.685365521907806086e-01
-9.690441828966140925e-01
-9.688569164276122914e-01
-9.681462174654007491e-01
-9.685075294971465798e-01
-9.687047737836838035e-01
-9.685120785236358554e-01
-9.681799310445785567e-01
-9.681754183769225586e-01
-9.684936106204986572e-01
-9.683414119482040006e-01
-9.686781001091003818e-01
-9.692613202333449918e-01
-9.680574905872344482e-01
-9.687810724973678900e-01
-9.683136063814162808e-01
-9.687805688381194713e-01
-9.691124016046523959e-01
-9.689039212465285766e-01
-9.690294075012206854e-01
-9.689376634359360141e-01
-9.694053351879119429e-01
-9.691155344247818215e-01
-9.687917828559875488e-01
-9.691234409809112993e-01
-9.688130736351012740e-01
-9.688808369636535689e-01
-9.690684008598328125e-01
-9.688394796848297519e-01
-9.687416875362395707e-01
-9.690413564443588479e-01
-9.688425648212433128e-01
-9.684791785478591430e-01
-9.691287010908127275e-01
-9.692973923683166904e-01
-9.689938533306121649e-01
-9.687596130371093350e-01
-9.681758832931518510e-01
-9.687800860404968128e-01
-9.690895092487334939e-01
-9.686059606075286821e-01
-9.693311482667923418e-01
-9.690505868196487294e-01
-9.690619057416915982e-01
-9.689367711544036865e-01
-9.691314440965652643e-01
-9.691553932428359497e-01
-9.692292517423629628e-01
-9.689060324430465165e-01
-9.685100620985030995e-01
-9.688894259929656805e-01
-9.686515045166015359e-01
-9.689660888910293091e-01
-9.686477285623550371e-01
-9.684290695190429510e-01
-9.689239907264709517e-01
-9.687335091829299971e-01
-9.688373774290084395e-01
-9.687079334259033336e-01
-9.689683043956756059e-01
-9.682809448242187811e-01
-9.686074668169021296e-01
-9.687204086780547563e-01
-9.689699161052703902e-01
-9.687181186676024902e-01
-9.689727407693863315e-01
-9.689079999923706499e-01
-9.695130789279937655e-01
-9.692199462652206776e-01
-9.694399851560592252e-01
-9.687967783212662054e-01
-9.691416615247726574e-01
-9.693672078847884732e-01
-9.690874063968658580e-01
-9.687205880880356279e-01
-9.691983103752136453e-01
-9.692173361778259055e-01
-9.693039327859878096e-01
-9.690574502944946378e-01
-9.691052162647246782e-01
-9.691193473339080322e-01
-9.690653049945830988e-01
-9.692537319660187167e-01
-9.682442259788512917e-01
-9.693683993816375466e-01
-9.688163346052169889e-01
-9.693074440956115367e-01
-9.687708151340485019e-01
-9.687269234657287509e-01
-9.688154351711273371e-01
-9.686257249116897450e-01
-9.688459223508835150e-01
-9.685146629810332808e-01
-9.690531116724013794e-01
-9.690647155046463457e-01
-9.688551205396652710e-01
-9.689281314611435381e-01
-9.689874708652496116e-01
-9.693154686689376964e-01
-9.689001458883285123e-01
-9.688975441455841553e-01
-9.689414429664612305e-01
-9.689929658174514238e-01
-9.689285957813262851e-01
-9.683109158277511952e-01
-9.680525547266006781e-01
-9.681793153285980225e-01
-9.686733937263488636e-01
-9.687007898092270253e-01
-9.690310835838318315e-01
-9.691574734449386330e-01
-9.682900792360306097e-01
-9.689652740955352339e-01
-9.686290782690047951e-01
-9.682835233211517512e-01
-9.686304396390914562e-01
-9.687882733345031250e-01
-9.689294326305389893e-01
-9.689799594879150435e-01
-9.688222807645797685e-01
-9.687016189098358598e-01
-9.686714661121368364e-01
-9.686190503835677701e-01
-9.688550305366515625e-01
-9.686377561092376354e-01
-9.688414824008941828e-01
-9.680476295948028387e-01
-9.686183530092239424e-01
-9.696212458610534712e-01
-9.689025944471358898e-01
-9.690333008766174316e-01
-9.692116796970366988e-01
-9.687187498807907637e-01
-9.689665788412094027e-01
-9.688229393959045810e-01
-9.688072252273559615e-01
-9.688928639888763072e-01
-9.691696518659591586e-01
-9.687157958745956643e-01
-9.691281527280807273e-01
-9.684969997406005504e-01
-9.687561815977097091e-01
-9.685694533586501898e-01
-9.687117666006088701e-01
-9.689276182651519465e-01
-9.686579912900924461e-01
-9.684951072931289318e-01
-9.685925680398941306e-01
-9.687774938344955178e-01
-9.691138005256653143e-01
-9.685462665557861284e-01
-9.684277379512786776e-01
-9.686558717489242021e-01
-9.686312925815582231e-01
-9.682642495632172164e-01
-9.681484150886535689e-01
-9.688520318269729925e-01
-9.687473011016846103e-01
-9.688096302747726263e-01
-9.685801231861114191e-01
-9.680016988515853793e-01
-9.676907348632812766e-01
-9.681350028514862371e-01
-9.686409592628478782e-01
-9.693212407827377364e-01
-9.691950029134750455e-01
-9.688018280267715054e-01
-9.684095525741577282e-01
-9.688335824012755948e-01
-9.689787727594375566e-01
-9.688288146257399980e-01
-9.691990172863006459e-01
-9.687149494886397871e-01
-9.688177371025085138e-01
-9.692010790109634177e-01
-9.689334672689438044e-01
-9.690349519252776656e-01
-9.689303493499755726e-01
-9.691654777526855780e-01
-9.686495625972747492e-01
-9.692573559284209939e-01
-9.684008640050888461e-01
-9.684980493783951205e-01
-9.684101605415343927e-01
-9.688632923364639549e-01
-9.689496505260467574e-01
-9.688341122865676835e-01
-9.687625485658645230e-01
-9.684100455045699940e-01
-9.687243151664733931e-01
-9.688873970508575795e-01
-9.689888018369674505e-01
-9.693210840225219282e-01
-9.683957314491271617e-01
-9.689082151651382535e-01
-9.692133629322051691e-01
-9.687733352184295654e-01
-9.681192058324813443e-01
-9.687698698043822887e-01
-9.688543832302093373e-01
-9.690661048889159801e-01
-9.687368935346603038e-01
-9.691027075052260908e-01
-9.688423919677734419e-01
-9.687796533107757568e-01
-9.691949671506882025e-01
-9.684969305992126021e-01
-9.684937381744385121e-01
-9.690023249387741400e-01
-9.688477635383605513e-01
-9.691459023952484486e-01
-9.690579253435135376e-01
-9.686613446474074962e-01
-9.687825137376785412e-01
-9.684939366579056186e-01
-9.679195451736449796e-01
-9.686214113235473988e-01
-9.683212232589721857e-01
-9.688186573982239258e-01
-9.687545818090438354e-01
-9.689994180202483598e-01
-9.683013492822647450e-01
-9.684143215417861938e-01
-9.689928698539733709e-01
-9.683532339334487427e-01
-9.686232233047484819e-01
-9.685563033819198919e-01
-9.685643446445465488e-01
-9.683975970745086759e-01
-9.683998566865921198e-01
-9.685418426990508589e-01
-9.683086657524109242e-01
-9.686459046602249323e-01
-9.685698395967483609e-01
-9.687959820032119307e-01
-9.687579268217086925e-01
-9.686231040954589311e-01
-9.690535914897918657e-01
-9.690483695268631292e-01
-9.686975133419036821e-01
-9.686362361907958629e-01
-9.690453571081161233e-01
-9.686855381727218495e-01
-9.688753873109817727e-01
-9.686069577932358010e-01
-9.685148829221725819e-01
-9.685992223024367798e-01
-9.685905146598815518e-01
-9.688016349077224199e-01
-9.690940678119659424e-01
-9.688297128677367809e-01
-9.688265860080719216e-01
-9.690764564275741177e-01
-9.686597234010696500e-01
-9.688796317577361705e-01
-9.689264416694640669e-01
-9.691192668676376076e-01
-9.692103123664855824e-01
-9.687162286043167203e-01
-9.687182265520095648e-01
-9.687193000316619562e-01
-9.688861119747161910e-01
-9.689185094833373535e-01
-9.696586692333221125e-01
-9.685505479574203491e-01
-9.686597955226897705e-01
-9.688089025020599765e-01
-9.687302517890929998e-01
-9.685893702507019087e-01
-9.688032239675521406e-01
-9.689918172359466286e-01
-9.694219624996185392e-01
-9.688604044914245206e-01
-9.689169675111770630e-01
-9.684254688024520608e-01
-9.691362011432648194e-01
-9.691689556837081998e-01
-9.688886249065399303e-01
-9.690461796522140681e-01
-9.691250163316726951e-01
-9.690826708078383867e-01
-9.693986749649048384e-01
-9.689616000652313543e-01
-9.689566737413406461e-01
-9.690317165851592973e-01
-9.695371657609939131e-01
-9.688091742992400723e-01
-9.683814263343810680e-01
-9.690476065874099598e-01
-9.691036152839660467e-01
-9.693623387813568026e-01
-9.689793580770492687e-01
-9.692189359664916681e-01
-9.686042028665542425e-01
-9.686840867996215909e-01
-9.686977916955947787e-01
-9.687673109769820989e-01
-9.691250151395798262e-01
-9.693016290664673296e-01
-9.687189888954162997e-01
-9.687373816967010942e-01
-9.687727189064025968e-01
-9.684971910715103327e-01
-9.683944261074066695e-01
-9.691637843847275002e-01
-9.692566871643066850e-01
-9.690526854991913241e-01
-9.691585063934325950e-01
-9.690110820531845359e-01
-9.687908887863159180e-01
-9.694648623466491921e-01
-9.690387690067291393e-01
-9.691414898633956554e-01
-9.692696553468703735e-01
-9.688872516155242476e-01
-9.691791778802871793e-01
-9.690199416875838745e-01
-9.693204754590988292e-01
-9.690507024526595625e-01
-9.685002386569976363e-01
-9.691862565279006914e-01
-9.689565491676330744e-01
-9.685844528675079390e-01
-9.694386333227157371e-01
-9.688831907510757624e-01
-9.687320727109909324e-01
-9.689834284782409268e-01
-9.688927215337753696e-01
-9.692111432552337202e-01
-9.685075712203979892e-01
-9.683697420358657881e-01
-9.688902527093887773e-01
-9.685312223434447976e-01
-9.686262887716293735e-01
-9.687470227479935136e-01
-9.687580108642578347e-01
-9.686593782901763428e-01
-9.688138991594315019e-01
-9.689509403705597324e-01
-9.681731081008910778e-01
-9.685292863845824662e-01
-9.690803694725036443e-01
-9.685073792934417725e-01
-9.686063885688781516e-01
-9.688933360576629239e-01
-9.685545527935027765e-01
-9.687165695428848755e-01
-9.685748177766799749e-01
-9.688867282867431596e-01
-9.689287787675857633e-01
-9.689964717626571300e-01
-9.682769042253493996e-01
-9.684396553039550382e-01
-9.685417914390563876e-01
-9.688039958477020486e-01
-9.691446167230606257e-01
-9.690503686666488425e-01
-9.692132937908172208e-01
-9.687547600269317272e-01
-9.686721545457840366e-01
-9.691823613643646418e-01
-9.688842850923538030e-01
-9.691031581163406239e-01
-9.689272403717040794e-01
-9.686021733283997071e-01
-9.685609138011932462e-01
-9.688955307006835715e-01
-9.693394434452057284e-01
-9.693584573268890781e-01
-9.690376800298691196e-01
-9.693269979953765825e-01
-9.692779588699340643e-01
-9.696753424406051591e-01
-9.693878835439682096e-01
-9.692250770330429477e-01
-9.691154640913010043e-01
-9.683711057901382979e-01
-9.687482410669326915e-01
-9.695525401830673573e-01
-9.690186691284179421e-01
-9.694715434312820568e-01
-9.691579556465148571e-01
-9.687381452322005870e-01
-9.693973457813263028e-01
-9.682429563999176425e-01
-9.690577596426009910e-01
-9.690212845802307351e-01
-9.690918707847595570e-01
-9.685271650552749190e-01
-9.689392352104186923e-01
-9.686159211397170621e-01
-9.688598841428757158e-01
-9.683679372072220293e-01
-9.692203742265701472e-01
-9.689898777008056907e-01
-9.685670608282088700e-01
-9.686888790130615545e-01
-9.687021058797836703e-01
-9.690792489051819336e-01
-9.689703172445297552e-01
-9.688159531354904042e-01
-9.688507145643234786e-01
-9.690204858779907227e-01
-9.690139365196227539e-01
-9.686403346061706054e-01
-9.688923513889312611e-01
-9.688559782505035134e-01
-9.688140404224395708e-01
-9.691319787502288285e-01
-9.692302751541137518e-01
-9.694282186031341064e-01
-9.691008192300796242e-01
-9.687903928756713690e-01
-9.687984061241149414e-01
-9.686697298288344804e-01
-9.691215592622757224e-01
-9.688806498050689386e-01
-9.686266070604324652e-01
-9.691727137565613326e-01
-9.689022040367126776e-01
-9.688021874427795721e-01
-9.691403484344482955e-01
-9.686494934558868009e-01
-9.685532051324844405e-01
-9.691070753335953025e-01
-9.690423899888992443e-01
-9.690782809257507679e-01
-9.694847571849822820e-01
-9.688400423526764005e-01
-9.693518263101578158e-01
-9.691350173950195046e-01
-9.687428539991378429e-01
-9.692979162931442128e-01
-9.685078704357147350e-01
-9.691295748949051436e-01
-9.693193942308425681e-01
-9.694176203012466742e-01
-9.691065573692321244e-01
-9.689276665449142456e-01
-9.687764441967010587e-01
-9.689537090063095048e-01
-9.694073826074600664e-01
-9.688941442966461093e-01
-9.686513018608092773e-01
-9.687522298097610562e-01
-9.691106897592544067e-01
-9.688004964590072321e-01
-9.691658407449722512e-01
-9.691781634092331288e-01
-9.685601305961608620e-01
-9.694298398494720637e-01
-9.689064794778823320e-01
-9.687145918607711348e-01
-9.686701190471649348e-01
-9.690643948316574052e-01
-9.685593253374099598e-01
-9.690135747194290605e-01
-9.683781111240387096e-01
-9.693226760625839322e-01
-9.693977284431457564e-01
-9.688561904430389449e-01
-9.688402867317199574e-01
-9.697048109769821345e-01
-9.687199217081069458e-01
-9.693097013235092430e-01
-9.689776957035064475e-01
-9.690040528774261919e-01
-9.692946583032607810e-01
-9.691165387630462646e-01
-9.692081242799759355e-01
-9.685202145576476962e-01
-9.688327664136886508e-01
-9.688405770063400757e-01
-9.686011475324630693e-01
-9.690710657835006625e-01
-9.695023059844970481e-01
-9.692173755168914662e-01
-9.694051682949066384e-01
-9.689806550741195679e-01
-9.685632121562958163e-01
-9.688838487863540294e-01
-9.687876075506209883e-01
-9.691410362720489502e-01
-9.694043636322021706e-01
-9.687445574998855280e-01
-9.690022462606430187e-01
-9.685934901237487349e-01
-9.690483641624451083e-01
-9.687703710794448586e-01
-9.686316007375717074e-01
-9.695258057117461803e-01
-9.694368517398834761e-01
-9.686097151041030973e-01
-9.692119395732879950e-01
-9.690068364143371582e-01
-9.688481998443603249e-01
-9.685529768466949463e-01
-9.691581058502197754e-01
-9.689543259143829079e-01
-9.688061189651488991e-01
-9.682421904802321899e-01
-9.688376319408417148e-01
-9.689347952604293601e-01
-9.686137104034423517e-01
-9.683249396085739091e-01
-9.690351790189742909e-01
-9.687346065044403209e-01
-9.687361353635788319e-01
-9.691047823429107533e-01
-9.686149156093597501e-01
-9.686518514156341464e-01
-9.687720340490341142e-01
-9.688611197471618253e-01
-9.685547435283661244e-01
-9.693476265668868885e-01
-9.686533945798874168e-01
-9.691890013217926425e-01
-9.689942210912704246e-01
-9.693469154834747359e-01
-9.686434870958328114e-01
-9.687486940622329623e-01
-9.690250110626220659e-01
-9.692446446418762074e-01
-9.685209929943084939e-01
-9.686695379018783747e-01
-9.688150680065155118e-01
-9.688791018724441928e-01
-9.692184287309646429e-01
-9.686550593376159757e-01
-9.687913084030150834e-01
-9.693636125326157149e-01
-9.692797422409057395e-01
-9.689041000604629028e-01
-9.687180119752883956e-01
-9.689297580718994052e-01
-9.690014690160750899e-01
-9.692159616947173539e-01
-9.688614255189895719e-01
-9.690113842487335649e-01
-9.686861449480056452e-01
-9.689363121986389604e-01
-9.690938752889632912e-01
-9.687371349334716886e-01
-9.688940328359604282e-01
-9.687857657670975176e-01
-9.689159047603607133e-01
-9.687172585725783991e-01
-9.691456949710846036e-01
-9.694225752353667902e-01
-9.693078386783600120e-01
-9.689252811670303611e-01
-9.687517017126083818e-01
-9.688938862085342274e-01
-9.691960442066193115e-01
-9.692803817987442061e-01
-9.692763650417327570e-01
-9.693504637479781749e-01
-9.689241564273833873e-01
-9.692049342393874722e-01
-9.694071102142334251e-01
-9.692413961887359486e-01
-9.692103278636932107e-01
-9.689057612419128551e-01
-9.691986781358719050e-01
-9.685783582925796553e-01
-9.687413489818572643e-01
-9.690356367826461481e-01
-9.689252650737762984e-01
-9.689181137084961204e-01
-9.691110807657241644e-01
-9.689018732309341297e-01
-9.694625389575958208e-01
-9.695901566743850841e-01
-9.689616429805755216e-01
-9.689672327041626287e-01
-9.692123109102248613e-01
-9.690311866998672086e-01
-9.696482139825820523e-01
-9.694439440965652022e-01
-9.686588799953460560e-01
-9.692478036880493031e-01
-9.690413743257522139e-01
-9.692843425273894864e-01
-9.693189334869384277e-01
-9.695915460586548296e-01
-9.692121809720992687e-01
-9.692085313796997559e-01
-9.689569759368896751e-01
-9.696305859088897305e-01
-9.687440901994704978e-01
