-1.093382567632943418e-03
-4.764338556560687959e-04
-3.912687266711145661e-04
-7.587237420375458766e-04
-6.826553278369829319e-04
-6.297619568067602900e-04
-7.420040908618830058e-04
-5.014136625686660886e-04
-4.746582248480990507e-04
-5.626468078116886144e-04
-8.965958061162382451e-04
-3.258898050989955512e-04
-4.609019042982254372e-04
-8.347334207792300818e-04
-9.274565063242335219e-04
-4.067856806796044263e-04
-7.419212481181603359e-04
-6.566399880102835986e-04
-8.788045647088438793e-04
-9.913363953819498333e-04
-1.316484209382906556e-03
-8.644326962530613293e-04
-5.232626004726626196e-04
-7.952130594640039428e-04
-6.453416112344712539e-04
-8.456783168367110453e-04
-6.915397554985247639e-04
-5.105072059086524297e-04
-9.298066269548143801e-04
-3.157596400706097245e-04
-5.438084085471928293e-04
-8.254421205492690422e-04
-6.455386240850202869e-04
-8.576781119336374451e-04
-8.178192461491561906e-04
-1.019107056781649694e-03
-1.124960127635858849e-03
-9.444962929410394455e-04
-5.010230303741991043e-04
-6.912323717551771638e-04
-6.780330010224133600e-04
-1.053713862784206885e-03
-5.385660505271516697e-04
-8.404523512581362887e-04
-7.574627551366575019e-04
-6.031951347540598536e-04
-3.758787394326645751e-04
-6.583939048869070056e-04
-4.441536596277728417e-04
-5.572305075475014529e-04
-7.785658771172165827e-04
-5.995130426890682949e-04
-6.714895236655138867e-04
-2.184108254732564178e-04
-3.598934540059417465e-04
-4.082160374673548847e-04
-2.156993010430596715e-04
-7.910549140069633419e-04
-5.353442118212114933e-04
-5.680113160633482299e-04
-4.235168869490735146e-04
-5.497730622300877647e-04
-8.102692740794737065e-04
-5.076207217643969151e-04
-8.946336418739520317e-04
-6.645547618973068893e-04
-4.468446536338888282e-04
-6.053454687935300085e-04
-6.234495932585559829e-04
-3.645882877754047426e-04
-5.066280488972552381e-04
-3.746327533735893840e-04
-5.638911978167015625e-04
-3.992788687173742758e-04
-4.828093503601849339e-04
-3.098658940871246376e-04
-2.840847952757030791e-04
-8.688009218894876843e-04
-4.204158298671245553e-04
-8.529000598355196460e-04
-6.693578389240428458e-04
-4.008819485898129403e-04
-4.306616162648424766e-04
-7.006105349864810618e-04
-5.019718516268766939e-04
-7.848295674193650918e-04
-3.067941102199256247e-04
-5.381982089602388008e-04
-8.045666401449124957e-04
-7.180198133573867294e-04
-6.748596450779586987e-04
-4.522915712732355955e-04
-9.926641896890941660e-04
-6.451543903676792589e-04
-2.151511242846026973e-04
-5.923239991534501488e-04
-3.559270859113894620e-04
-1.824931170267518577e-04
-6.969049246981739694e-04
-6.939342185796704230e-04
-3.736635288805700795e-04
-3.569439017155673138e-04
-4.500753420870751143e-04
-5.978708219481631983e-04
-7.426195632433518334e-04
-3.726268804166465759e-04
-6.774362448777538270e-04
-5.536147044040262265e-04
-4.743440008314792240e-04
-4.192016858723945916e-04
-7.602562048123217859e-04
-2.711071063822600752e-04
-4.185474431142211134e-04
-4.580643156077712514e-04
-5.667867419833782800e-04
-2.166053700784686877e-04
-7.623989099374739627e-04
-2.608521621732506879e-04
-4.300920350942760923e-04
-6.914433639030903057e-04
-2.833570458460599444e-04
-7.791344932047650175e-04
-5.820730095729231921e-04
-4.564154858235269698e-04
-5.104172864230350180e-04
-4.274894593982026111e-04
-4.113462715758941938e-04
-5.773060763021930575e-04
-6.272108356643002437e-04
-2.580966684035956860e-04
-3.143595505389384969e-04
-3.932867100229487083e-04
-1.716782426228746636e-05
-5.453170608961954453e-04
-2.264161856146529425e-04
-6.878492209943942596e-04
-6.674458109773695859e-04
-9.947279261541552581e-04
-7.692860567476600582e-04
-8.590135604026727769e-04
-3.869633414433337726e-04
-4.384719487279653397e-04
-7.950693066231906241e-04
-6.582445272943004489e-04
-7.032446746597998191e-04
-9.323938621673733039e-04
-6.039528071414679679e-04
-6.470763809920754631e-04
-7.666699741821503006e-04
-7.394728748477064550e-04
-6.325633072992786288e-04
-2.214882074622437455e-04
-8.680287667084485379e-04
-8.604399836622178208e-04
-8.928586085676215979e-04
-7.758832749095744864e-04
-8.375926436565350394e-04
-7.841486213146708559e-04
-8.748821183689870331e-04
-4.868630235432646995e-04
-1.038188345846719970e-03
-6.290614929457661155e-04
-5.921749272965826181e-04
-1.018657099193660516e-03
-5.407645122613757892e-04
-6.851231621112674908e-04
-5.423717183293774681e-04
-7.759407293633557639e-04
-7.116278191097080621e-04
-7.074281614040955641e-04
-8.137848037586081860e-04
-3.767870130832306889e-04
-8.480517810676246968e-04
-7.779563289659563669e-04
-3.887004865100607146e-04
-5.151996298809535324e-04
-9.294831124134361354e-04
-7.849640611675567795e-04
-7.581543995183892158e-04
-6.177188691799529027e-04
-6.454589337226934688e-04
-5.072870966978371664e-04
-7.682366989320144187e-04
-7.338806334882974234e-04
-6.630264897830783974e-04
-6.825418611697386517e-04
-5.671707277360838297e-04
-6.782120000571012193e-04
-7.506763492710888646e-04
-9.996817822684534501e-04
-8.531161028076894538e-04
-1.087997603463009000e-03
-9.398626745678484874e-04
-3.658661176450550578e-04
-7.558943988988176335e-04
-7.942699911654926793e-04
-4.227221095061395578e-04
-7.805988426844123447e-04
-6.850246636895462524e-04
-4.045716268592514098e-04
-7.482660781533923217e-04
-4.087799185072072067e-04
-8.772946926183067089e-04
-8.925910608377307740e-04
-7.103463794919662178e-04
-4.622019821545109066e-04
-9.442023697192780847e-04
-5.966509212157689252e-04
-8.667498553404585004e-04
-7.562628875894005821e-04
-8.379946439526974808e-04
-8.038883260451256839e-04
-3.633301492664031446e-04
-7.723931755754165265e-04
-8.144972572335973425e-04
-3.645665678777732129e-04
-1.110953490424435681e-03
-5.504926675348542978e-04
-5.573853320674970659e-04
-5.614397228055167770e-04
-6.564505732967518053e-04
-7.410191034432500471e-04
-4.223782604094594587e-04
-7.001965347444638133e-04
-8.268328401027246919e-04
-4.114886255410965706e-04
-5.408295190136413588e-04
-6.640869280090555982e-04
-1.021659754478605525e-03
-8.517982633202336382e-04
-6.510324796545319780e-04
-7.330586618627421037e-04
-8.378244232153520118e-04
-5.046246596612036575e-04
-1.091180824878392776e-03
-9.697111294372007034e-04
-8.607096987543627229e-04
-7.468973728828132239e-04
-8.810968685429542953e-04
-1.021996013878378974e-03
-6.988702123635448082e-04
-1.014700628584250730e-03
-9.368265958619304131e-04
-8.326403191313147415e-04
-1.032326992135494930e-03
-8.918023479054682390e-04
-9.623141457268502130e-04
-9.179789996414910698e-04
-6.424883138970472222e-04
-7.845698812161572711e-04
-6.681206509529147471e-04
-8.543496718630194447e-04
-6.315450876718387138e-04
-1.121603486826643330e-03
-6.474674846685957164e-04
-7.244193469523452352e-04
-6.256861085421405256e-04
-7.458649470936507377e-04
-5.229023969150148549e-04
-9.017097952892072065e-04
-9.420347082777879959e-04
-8.621643374499399605e-04
-6.288367987144738132e-04
-4.714666905056219483e-04
-6.087195701547898873e-04
-1.283764198014978285e-03
-7.104136483394540803e-04
-7.045958607341162774e-04
-7.452793355332687627e-04
-7.520236744312569282e-04
-6.512291419494431076e-04
-1.202422638307325481e-03
-7.486043253447860956e-04
-4.271982487989589724e-04
-7.786656697862781975e-04
-5.750704780803062542e-04
-6.839271719218232128e-04
-3.556232139817438976e-04
-8.580980435363016893e-04
-4.713647472090088004e-04
-1.091291359334718540e-03
-7.841283618472516363e-04
-7.742495444836095322e-04
-8.705662275315261987e-04
-1.196762478793971136e-03
-9.319978725397958961e-04
-7.421548367710783948e-04
-1.022172795783262648e-03
-8.282771863741800709e-04
-8.040980846271849778e-04
-1.113196820369921625e-03
-9.537876158719882759e-04
-9.850666737474967488e-04
-8.524040943302679547e-04
-9.647322172531857566e-04
-8.393089690071065239e-04
-9.234777517849579844e-04
-6.566464369825552715e-04
-9.255602356279268601e-04
-7.527034162194467864e-04
-8.523368884925730049e-04
-7.880652853054925669e-04
-7.700761989690363060e-04
-4.540934690157882609e-04
-5.375703901518136523e-04
-4.257039273215923307e-04
-5.641316021501552010e-04
-9.516435311525128782e-04
-5.285256831848528323e-04
-5.981476031593046649e-04
-5.601537629263475060e-04
-7.848245921195484264e-04
-4.335008555790409576e-04
-7.155895925825461659e-04
-8.878237557655665980e-04
-7.179401630128267892e-04
-7.635166437830776280e-04
-9.959532707580365934e-04
-6.653971850755624863e-04
-5.681874285801313991e-04
-7.719112625636625601e-04
-7.910114720289130198e-04
-8.450883050682022777e-04
-2.971248174435459142e-04
-6.246856259531342014e-04
-6.793653109343722419e-04
-8.395021461183205681e-04
-2.972331675118766487e-04
-8.965787515626288430e-04
-8.095925897941924718e-04
-6.709689428680575864e-04
-6.650214738328941600e-04
-7.519194085034541352e-04
-7.490700195194222206e-04
-5.239544683718122325e-04
-8.376727518043480770e-04
-7.765536216902546455e-04
-5.836580526374745941e-04
-7.452824019128456668e-04
-1.007546898035798291e-03
-6.105004565324634574e-04
-8.461175620323046652e-04
-5.217460202402435243e-04
-4.815197456628084313e-04
-1.233362517086788969e-04
-7.763069306383841087e-04
-1.019638806756120253e-03
-4.779896122636273373e-04
-4.040583904134109638e-04
-6.036874321580399261e-04
-4.508448776323348024e-04
-3.676985974016133826e-04
-6.007103748561349156e-04
-8.093918526719790472e-04
-5.763436594861560004e-04
-9.854314328549662171e-04
-6.433580015436746007e-04
-4.870252907858230260e-04
-7.301337388344108581e-04
-2.887315180851146557e-04
-3.182614933757576961e-04
-4.895232069247868302e-04
-4.140784093760885450e-04
-4.939949122490361723e-04
-5.231390002882108006e-04
-4.262455388379748997e-04
-7.685469211719464988e-04
-6.330320375855081174e-04
-5.653855495620518532e-04
-7.195643680461216935e-04
-3.321083114133216289e-04
-6.121827368042432292e-04
-3.276494168676436012e-04
-4.516135068843141046e-04
-5.489121816935948811e-04
-8.687022545200306532e-04
-5.039854324422777133e-04
-4.900502876262181028e-04
-4.512952289951499313e-04
-4.425194762006867894e-04
-3.347939084051176797e-04
-4.243615863379091046e-04
-7.323156436905265375e-04
-4.411406879080459237e-04
-2.990262256935239077e-04
-6.844297960924450742e-04
-5.315226645325310919e-04
-4.616795733454637121e-04
-5.247634198167360929e-04
-7.073223401675932326e-04
-6.751708543743006928e-04
-7.554244977654889660e-04
-1.032973517721984605e-03
-8.256756476475857328e-04
-3.563401625433471292e-04
-6.447351364477072041e-04
-3.136170151992700951e-04
-4.463558565475977740e-04
-8.796478825388476686e-04
-5.862698938290122636e-04
-8.600460502202622462e-04
-5.587832958553918140e-04
-1.052344279014505489e-03
-4.541392452665604759e-04
-2.466280137014109750e-04
-1.554717941326089182e-04
-5.553254783444572110e-04
-7.912160809792112602e-04
-8.058285378501750659e-04
-6.120622229354921381e-04
-3.967017054674215767e-04
-7.831452373648062609e-04
-4.518941487185657220e-04
-8.714253141079098203e-04
-8.366018129163421734e-04
-5.175002181204036312e-04
-9.362247415992897221e-04
-3.422299222438596146e-04
-3.911047609290108020e-04
-5.348140635760501244e-04
-6.781988660804927783e-04
-5.295376406866125502e-04
-5.200089993013534435e-04
-7.094952377519803035e-04
-4.867377290793229003e-04
-5.389909259974956296e-04
-5.461827738326974473e-04
-2.089931428781710554e-04
-4.154401394771412015e-04
-7.778011469054035886e-04
-5.137881841801572851e-04
-3.766386929783038578e-04
-6.941623175225685805e-04
-5.813333837431855153e-04
-6.473917065886780663e-04
-6.829727935837581754e-04
-3.303264913847670046e-04
-5.981107885600067935e-04
-5.530229138094000215e-04
-5.669051309814676773e-04
-2.811263645708095543e-04
-5.304629320744424668e-04
-3.865690725797321734e-04
-6.144571112236007528e-04
-4.701690099318511762e-04
-6.660421189735643349e-04
-2.601008483907207738e-04
-3.405429795384406957e-04
-8.180388741311617586e-04
-7.032544241519644726e-04
-5.389840548741631036e-04
-5.443543527508154685e-04
-5.560167951625771647e-04
-6.296834863314870398e-04
-2.840994345024228161e-04
-3.635748344822786597e-04
-7.107139792060479218e-04
-6.256034418765921406e-04
-4.643586231395602443e-04
-5.339119679410942246e-04
-4.275741128367371966e-04
-1.942240016069263187e-04
-3.267698176205158082e-04
-9.574920250452123235e-04
-6.365028585423715803e-04
-7.503554645518306730e-04
-8.965996990446000771e-04
-8.721013445756398488e-04
-5.982863962708507254e-04
-6.499722678563557652e-04
-6.502090714639052228e-04
-3.122838432318531085e-04
-7.414423971204087485e-04
-7.907670779968611939e-04
-4.250260462868027389e-05
-4.290216886147390943e-04
-6.705853485618717665e-04
-4.261337243951856895e-04
-7.683147248462773773e-04
-7.813367243215907582e-04
-4.164967229007743212e-04
-2.923456035205162845e-04
-1.841072546085342656e-04
-5.308259284356608857e-04
-3.990152632468380251e-04
-4.223264470056164901e-04
-3.818732287618331741e-04
-5.926562566310167833e-04
-1.906305408920161361e-04
-6.054259752272628074e-04
-1.844600331969559323e-04
-1.011137752211652618e-03
-5.880265071755275521e-04
-3.148097795201465531e-04
-4.205982759594917493e-04
-6.905522699526045255e-04
-6.343657578690908502e-04
-3.003230167087167306e-04
-6.132557863020338422e-04
-5.194788749213330578e-04
-6.351852801162749269e-04
-1.363096173736266803e-04
-2.644476800924167200e-05
-3.767625213367864533e-04
-7.226024047122337011e-04
-7.620234388741664111e-04
-2.681613288586959134e-04
-1.882952712185215172e-04
-8.321616539615206681e-04
-5.320829525589942672e-04
-8.244773354817880751e-04
-6.999936209467705556e-04
-7.200049038510769909e-04
-1.098554879135917777e-03
-9.230998910788912630e-04
-6.882060476345940947e-04
-8.635197945113759444e-04
-4.178735354798845838e-04
-5.139596699154935517e-04
-8.112165919737890189e-04
-1.362663624895503684e-03
-7.405478693544864394e-04
-7.718909942195750599e-04
-4.808274318929761583e-04
-6.420323946076677852e-04
-4.221635713474824851e-04
-2.232144871959462729e-04
-8.845059396116994842e-04
-7.510392021504230320e-04
-4.729105191654525957e-04
-3.265971547807566561e-04
-4.694358911365270723e-04
-4.142092162510380366e-04
-5.855730392795521983e-04
-3.431532861577579838e-04
-8.334387448849156152e-04
-5.700260968296788850e-04
-4.040108979097567499e-04
-8.350994161446578584e-04
-7.454489151132293436e-04
-8.106708235573023124e-04
-6.792573895654641482e-04
-5.161878580111078918e-04
-5.678888631518930674e-04
-6.153526774141937494e-04
-4.881721928541082672e-04
-6.076527936966158927e-04
-1.730669045355170846e-04
-2.506955446733627252e-04
-5.890925371204502664e-04
-6.804426701273769444e-04
-3.753976014559156954e-04
-4.511116869980469086e-04
-3.785060700465692099e-04
-3.855747710622381657e-04
-7.276025413011665867e-04
-8.171974064316600041e-04
-4.694602265954017791e-04
-6.823585683014243538e-04
-9.196317882742732937e-04
-6.082341156434267239e-04
-7.773623216780833423e-04
-4.810495366109535293e-04
-6.102916839881800072e-04
-4.815672404947690839e-04
-3.095858363667502956e-04
-5.915451176406350420e-04
-3.006874292623251785e-04
-4.479748100857250262e-04
-6.560392555547878059e-04
-7.400346713257022592e-04
-7.916225133521948096e-04
-4.484826987754786626e-04
-5.165333933109650779e-04
-3.317119696293957597e-04
-7.259184980648570283e-04
-5.957746578496881133e-04
-1.101691724616102926e-03
-2.976721990853548288e-04
-2.388374324073083818e-04
-8.654769283020868984e-04
-3.270955811603926079e-04
-3.869499044958502184e-04
-5.407017204561270340e-04
-4.854429425904526968e-06
-5.030797023209742985e-04
-4.263415286550298572e-04
-6.729871177230961361e-04
-1.942337157379370259e-04
-4.177528026048094034e-04
-4.132954093802254582e-04
-5.838647988275624942e-04
-1.022381114016752794e-03
-5.029203736921772621e-04
-7.443416441674343808e-04
-6.066561708576045540e-04
-4.074603848857805328e-04
-4.429295490263029911e-04
-7.056155853206291361e-04
-7.157507585361600139e-04
-5.993667789152823649e-04
-4.572724705212749324e-04
-6.447671534260734699e-04
-4.485813340579625328e-04
-7.860380623606034144e-04
-1.042947291425662046e-03
-1.014183622464770364e-03
-7.994293770752846718e-04
-8.427241870958823971e-04
-8.703730357228778042e-04
-6.452159563195891461e-04
-1.128121571673545900e-03
-5.923134685144759324e-04
-1.009556187636917500e-03
-6.336313797510228964e-04
-9.970674103533382505e-04
-9.349459881195798256e-04
-4.314440213784109888e-04
-5.841108599270228080e-04
-6.931574584450573250e-04
-5.370710599527228754e-04
-7.497325868462212731e-04
-1.790482316573615987e-04
-8.388374518835916812e-04
-5.549570595030673152e-04
-6.242806141381152061e-04
-6.043926047277636696e-04
-2.625402589910663491e-04
-6.467216380406171430e-04
-4.539812795701436763e-04
-6.066508163348771111e-04
-6.290560094930697579e-04
-3.337120001378935004e-04
-4.984358770889229552e-04
-8.657903113635256366e-04
-1.118532849650364378e-03
-7.038144668331370148e-04
-9.701535940985195859e-04
-6.257771747186779976e-04
-1.035811163455946458e-03
-8.443112150416709266e-04
-1.025186771876178621e-03
-1.019662091275677076e-03
-6.981496204389259436e-04
-9.001908442587591881e-04
-6.162294294335879039e-04
-6.739896796352695587e-04
-1.045721692207735032e-03
-8.483551968674874454e-04
-1.745611666410695664e-04
-4.376084350224118940e-04
-7.111874021939002064e-04
-7.848461670801043771e-04
-6.034626191831194125e-04
-4.070670768851414258e-04
-8.081501684500836270e-04
-6.718757672933861093e-04
-4.500734980683773929e-04
-5.037887243088335276e-04
-7.414679414068814801e-04
-3.055094822775572777e-04
-3.899562975857406681e-04
-4.442517572897486497e-04
-5.236608194536529481e-04
-7.626624297699891248e-04
-6.444997458311263342e-04
-5.941794411046430642e-04
-5.731400096556172122e-04
-1.000314195989631186e-03
-7.102768232289236429e-04
-8.263548904506024233e-04
-5.125970728113315609e-04
-5.330972329829819284e-04
-6.642947145155630962e-04
-3.649691981263458772e-04
-4.250847555522341108e-04
-8.254284653230570083e-04
-5.529564950847998261e-04
-6.724610805395059027e-04
-1.311769949243171219e-03
-6.658592479652725377e-04
-1.081896391406189737e-03
-7.241942931432277355e-04
-4.100649469182826318e-04
-8.146883695735596250e-04
-5.692149733658879605e-04
-6.853217646130361010e-04
-4.259219289815518983e-04
-4.473153219441883179e-04
-8.121416554786265113e-04
-6.515890569426119197e-04
-8.186944620683789123e-04
-6.557991448789834716e-04
-5.833573028212413409e-04
-8.881499737617559861e-04
-3.294923447538167173e-04
-6.073071779974270916e-04
-7.072117264033295388e-04
-5.078799522016197790e-04
-5.946786957792937322e-04
-6.814275166834704968e-04
-8.579803543398156762e-04
-1.019552915240638010e-03
-4.195889335824176799e-04
-5.399961967486887910e-04
-2.424184628034708891e-04
-4.781021189410239653e-04
-1.025589359778678131e-03
-8.980536344461143537e-04
-5.664680371410213628e-04
-7.429428782779723926e-04
-9.786671443725936462e-04
-2.688876318279653701e-04
-7.405274614575318472e-04
-6.854149812716059300e-04
-6.813060517015400884e-04
-4.693862932617776226e-04
-6.843437324278057055e-04
-5.195099193952046378e-04
-8.416811341885476914e-04
-4.246067737403791203e-04
-5.672211505589074866e-04
-3.513631905661896088e-04
-6.181616490357555796e-04
-7.892994809662923260e-04
-4.388050379930064299e-04
-7.538893654418643694e-04
-4.727257549529895121e-04
-7.856572663877159661e-04
-6.858679314609616908e-04
-7.088588179612997486e-04
-4.195721261203289162e-04
-7.032991123560350692e-04
-6.531479183468036310e-04
-5.389001555158757107e-04
-4.354009541566483438e-04
-7.611073966836556662e-04
-5.368395525147207168e-04
-7.059405650943517989e-04
-9.806783337262458752e-04
-4.716217651730403564e-04
-1.041649545950349342e-03
-6.288758825394324698e-04
-8.553030711482279003e-04
-6.586177714052609709e-04
-8.689368577324785249e-04
-1.319748907699249676e-03
-8.551667674328200693e-04
-6.564269494265317440e-04
-5.885618631145916576e-04
-4.826362986932508431e-04
-5.719783474341966515e-04
-3.745423100190236969e-04
-3.869445918826386181e-04
-6.909473423729650720e-04
-8.973993355175479943e-04
-4.790235561085865053e-04
-5.961356543411965936e-04
-7.135940043372101822e-04
-7.964945596177130851e-04
-5.124231037916615952e-04
-6.050452448835131171e-04
-7.550393554265611134e-04
-4.567380875232629326e-04
-8.248187060235068592e-04
-9.120777325006202340e-04
-5.851726853870787030e-04
-7.026662814314477102e-04
-6.249278677569236650e-04
-8.776186304748989989e-04
-7.369622096302919350e-04
-4.355938595836051025e-04
-6.238085015502293010e-04
-4.739273895393125539e-04
-9.956461042747832401e-04
-1.074221181625034660e-03
-7.861767601571045556e-04
-4.641256688046269336e-04
-3.774188942043110988e-04
-6.634535532793961942e-04
-6.336982036009431015e-04
-3.829421215777983867e-04
-4.792711528716608860e-04
-9.178314998280256770e-04
-9.623554145218804956e-04
-7.663166083511896952e-04
-9.308197192149236668e-04
-8.293268855777568725e-04
-8.112458352115936144e-04
-4.904123436426743952e-04
-9.003520221449435278e-04
-4.871193383587524165e-04
-5.517103537567891224e-04
-8.517404389567673380e-04
-6.067208133754320486e-04
-8.151789574185386083e-04
-4.995250984211452696e-04
-5.655988230137153940e-04
-5.130546496366151024e-04
-7.310424733441323345e-04
-5.378490322618745614e-04
-7.957483147038146420e-04
-6.777687193243764644e-04
-5.205186898820102215e-04
-6.920290709240362135e-04
-7.530028061592020138e-04
-6.809418287593870835e-04
-8.723852172261104074e-04
-8.861548866843804327e-04
-6.660054417443461846e-04
-5.328271070902701771e-04
-7.041458001185674177e-04
-5.041123105911538439e-04
-4.392246290808543520e-04
-4.288820490182842821e-04
-6.190024162060581234e-04
-5.006114335265010292e-04
-3.335381817305460616e-04
-6.003345703356899191e-04
-4.251303209457546364e-04
-8.160149086324963892e-04
-7.624952823971398218e-04
-1.257410246762447048e-04
-7.651978598732967103e-04
-2.773326318128965773e-04
-6.077429359720553769e-04
-3.592178173130378322e-04
-2.778249517723452105e-04
-2.217783551895990903e-04
-5.291050416417420127e-04
-4.606446260004304371e-04
-5.320621997816488277e-04
-5.698107395437545988e-04
-4.714584731846116223e-04
-5.889371778175700109e-04
-1.275602812529541454e-04
-5.512412739335559092e-04
-1.731532014673575813e-04
-7.262111382442526780e-04
-6.341632071416824752e-04
-5.834790972585324198e-04
-6.114166667975950466e-04
-1.614696165779605584e-04
-4.272944250260479857e-04
-6.474732974311337309e-04
-4.138605331536382610e-04
-6.907322573533747215e-04
-2.300145497429184616e-04
-2.773537847679108511e-04
-6.835868730559013610e-04
-5.331299515091813667e-04
-7.499065651791169936e-04
-4.355884590768255358e-04
-7.668151060352102442e-04
-7.954073540167882518e-04
-4.709529856336302817e-04
-6.982563626661430654e-04
-1.027912640711292581e-03
-4.846714719315059678e-04
-5.887933916528709406e-04
-7.352654353599063575e-04
-7.831009209621698141e-04
-4.210673195484560135e-04
-2.934548666235059348e-04
-7.736408105120062785e-04
-5.042995387339033447e-04
-4.091578206862322964e-04
-5.039144022157415618e-04
-5.727271451905834943e-04
-6.046871948637999204e-04
-4.583455994725227594e-04
-6.772655915119685580e-04
-4.093655852193478300e-04
-6.536152513581328441e-04
-5.556348581740167122e-04
-3.883549752936233030e-04
-4.734851201646961163e-04
-4.425214463844895124e-04
-5.827225206303410666e-04
-8.476615995459724261e-04
-6.777091126423329332e-04
-5.060970684280618852e-04
-5.675181697006336824e-04
-7.299450394930317478e-04
-8.014002197887748176e-04
-3.380630273022688904e-04
-4.794921397115104096e-04
-6.118597034947014825e-04
-4.668882634723559044e-04
-7.904236001195386486e-04
-7.932898316357750836e-04
-2.281542497803457103e-04
-4.695028543937951391e-04
-5.314900929806753733e-04
-8.473665438941679895e-04
-6.156368539086543154e-04
-3.739739785669371637e-04
-2.678363936138339384e-04
-3.913668537279590747e-04
-2.033102704444900209e-05
-3.690683699096553266e-04
-2.801068604458123294e-04
-3.879501626943238036e-04
-2.533686329843476263e-04
-3.265947467298247137e-04
-4.157878411933779565e-04
-6.242332354304380281e-04
-3.114916040794923771e-04
-5.631684226682409687e-04
-3.377863627974875488e-04
-4.234185320092365276e-04
-7.595645060064271147e-05
-2.834178780904039914e-04
-6.611060045543127196e-04
-7.988930560532026166e-04
-4.145593050634488398e-04
-2.529273065738379977e-04
-2.075824249186552942e-04
-5.506905223592184354e-04
-6.781101645901799159e-04
-5.557543149916454976e-04
-6.068622032762505461e-04
-1.034620684658875585e-03
-4.374648234806955099e-04
-5.806677139480598401e-04
-6.213427346665412404e-04
-2.972665242850780421e-08
-4.503735213074832981e-04
-5.985936083015985657e-04
-6.683910053106956271e-04
-2.624332094273995348e-04
-3.857005920144729229e-04
-6.886868327273987407e-04
-7.618474986520595979e-04
-6.156249821651727048e-04
-2.947912242962047414e-04
-4.491212783614173293e-04
-3.856218568398617035e-04
-6.064670972409657874e-04
-2.065959970059339033e-04
-2.149619499687105515e-04
-2.288983017206191952e-04
-3.954688488738611254e-04
-5.662323790602385564e-04
-4.341897227277513702e-04
-5.589564173715189576e-04
-3.835286098183132556e-04
-3.953359628212638199e-04
-5.921714910073205829e-04
-5.677509328234009922e-04
-3.072106395848095200e-04
-3.819465075503103522e-04
-2.804389943776186447e-04
-3.499527834355831168e-04
-9.034559581778012650e-04
-6.874657611479051801e-04
-8.401205349946394910e-04
-5.704197329760063483e-04
-6.848415388958529072e-04
-7.014561651158146170e-04
-4.246478113054763612e-04
-6.103563570650293946e-04
-7.836443750420585058e-04
-7.880376046523452326e-04
-7.428239009459503168e-04
-5.016420694300905347e-04
-3.428611686103977480e-04
-7.736232853494584474e-04
-2.133044571382924871e-04
-4.802933867904357439e-04
-6.668291776441037134e-04
-4.079245368484407490e-04
-8.504154550610109903e-04
-9.610184379562269549e-04
-4.086233739508316116e-04
-2.517321326013188766e-04
-7.776524109067395026e-04
-8.229381637647747993e-05
-5.452219565631822099e-04
-4.192965457332320338e-04
-5.116120865568519029e-04
-7.676721372990868725e-04
-6.417196308029815858e-04
-5.192083238216582426e-04
-8.556688785029110088e-04
-6.772565995925106195e-04
-6.759226499707438095e-04
-3.442866250406950539e-04
-2.862319553969427835e-04
-7.375584896362852132e-04
-9.672120134928263854e-04
-2.405432956584263615e-04
-8.352476984146051282e-04
-4.459073704492766670e-04
-6.118568842066452167e-04
-5.407513401587493804e-04
-6.076305289752781391e-04
-3.613294218666851629e-04
-6.280106070335022671e-04
-7.567734600161202209e-04
-1.049119144008727736e-03
-5.058073397958651012e-04
-4.733516988926566942e-04
-2.340037669637240459e-04
-5.233769264305010915e-04
-4.883358850202057814e-04
-3.966398668126203337e-04
-3.414739982690662211e-04
-2.481366024585440820e-04
-4.120452562347054265e-04
-4.764068860094994567e-04
-6.258759008778724299e-04
-4.177040688227861990e-04
-7.156602686154656069e-04
-6.240116289700381067e-04
-3.086049229023046835e-04
-4.698756165453232825e-04
-5.227201024536043666e-04
-7.335912235430442274e-04
-6.740767460723873705e-04
-4.808054896420799217e-04
-7.081115525215864095e-04
-5.317348688549828218e-04
-4.820223222486675024e-04
-2.152109016606118638e-04
-4.504063670174218628e-04
-7.112033062730916191e-04
-5.559665893088095107e-04
-7.984372565988450765e-04
-4.267786425771191716e-04
-2.396622340893372937e-04
-5.349848934565670441e-04
-5.527127167442813472e-04
-4.717862341203726915e-04
-3.228118040715344489e-04
-4.713335278211161277e-04
-9.656304813688620708e-04
-7.534708228195086078e-04
-6.497154515818692657e-04
-4.695756259025074650e-04
-6.575257790973409533e-04
-7.398373819887637788e-04
-9.836850262945518071e-04
-5.106785128009505527e-04
-8.314826569403521933e-04
-6.310256343567743681e-04
-8.482041514071170674e-04
-7.775439810939133644e-04
-9.181927680037916054e-04
-7.198142452398315246e-04
-4.780454479623585809e-04
-6.555062875850125887e-04
-6.366012955550104640e-04
-7.726827176520600785e-04
-2.685029382701032124e-04
-4.319488194596488246e-04
-4.831188821117393846e-04
-1.059629050141666076e-03
-4.493213829118758483e-04
-6.101791362743824850e-04
-6.753752203076146847e-04
-6.303306377958506563e-04
-6.519494092208333010e-04
-4.224870633333921693e-04
-6.769367682863958180e-04
-7.089710084255784577e-04
-7.951654406497254968e-04
-5.465532728703692816e-04
-4.953562031732871868e-04
-3.603640280198306040e-04
-3.397006262093782598e-04
-4.094686862663365814e-04
-6.441530154552310185e-04
-4.318978145602159245e-04
-5.660966489813290536e-04
-4.277033588732592696e-04
-3.229897178243845484e-04
-6.720298330765217066e-04
-6.830000679474324161e-04
-2.362826540775131380e-04
-2.224847133038565527e-04
-5.061018656124361250e-04
-5.233877070713788184e-04
-4.137281893054023342e-04
-4.627568731666542546e-04
-5.565393689903430467e-04
-4.718984063947573109e-04
7.096382614690810442e-05
-3.578004447626881280e-04
-3.785888708080165305e-04
-8.498756820335983710e-04
-6.517325402819551614e-04
-3.271055815275758288e-04
-3.163901790685486157e-04
-3.915556368883699244e-04
-4.592182999476790602e-04
-5.494487038231455050e-04
-3.756119462195783637e-04
-3.258090792223811345e-04
-4.696353271719999807e-04
-8.769254661456216387e-04
-7.815246589598245528e-04
-6.277504513855092097e-04
-7.318648078944534150e-04
-7.517630326037760347e-04
-4.855891232728026937e-04
-7.517693238332867969e-04
-6.683178554521873637e-04
-5.576980678597464941e-04
-4.916399021749384745e-04
-8.374867562088183538e-04
-4.640773199207615086e-04
-4.533407565031666352e-04
-6.731722105178051044e-04
-4.410119699605274750e-04
-6.175306865770835213e-04
-4.784967788145877659e-04
-4.661330956150777898e-04
-3.259922441793605880e-04
-5.942355254956055042e-04
-2.828058376326225655e-04
-7.659041965962387231e-04
-9.231100903707556817e-04
-4.177481905207969053e-04
-5.229879156104288778e-04
-2.855163233471102991e-04
-2.730444711050949947e-04
-6.422386835038196773e-04
-3.018598697963170816e-04
-3.157121263211593184e-04
-7.475259425700641778e-04
-4.911264791735447423e-04
-8.582037917221896079e-05
-2.211427959264256158e-04
-2.367270021932199695e-04
-4.883366354624741126e-04
-2.573729214782360703e-04
-3.080773513647727516e-04
-4.488567501539364457e-04
-5.664968019118532105e-04
-4.418185769463889561e-04
-3.593375772470608527e-04
-4.659067474131006834e-04
-5.779619875829666766e-04
-7.946711895056068941e-04
-6.018832905101590032e-04
-4.754871941986493723e-04
-3.827022577752358995e-04
-8.632779165054671900e-04
-5.046033699181862045e-04
-4.250914326985366686e-04
-3.927414774079807146e-04
-4.067834012676030462e-04
-5.916563456412404299e-04
-3.496274679491761855e-04
-3.060707567783538252e-04
-5.106413547764532702e-04
-3.535352312610484877e-04
-4.370210421620868125e-04
-5.720092260889941566e-04
-5.310887367522810175e-04
-5.888225533999502355e-04
-3.176698228344321251e-04
-6.167535205895546954e-04
-4.438203823519870834e-04
-6.765820938744582366e-04
-4.220538231311365810e-04
-6.299441462033428469e-04
-6.558615775429643951e-04
-6.558967924502212164e-04
-6.168134964536875313e-04
-2.428114510257728311e-04
-2.540334902005270058e-04
-1.223181492241565268e-04
-5.703847479890100918e-04
-2.357419623876921941e-04
-7.065277853689622264e-04
-4.557727416977286382e-04
-4.816594501608051208e-04
-3.515768777288030876e-04
-2.478866970341186884e-04
-4.215937032131478147e-04
-6.056420490494929688e-04
-5.762825996498577730e-04
-6.108882310218177476e-04
-4.545190540375187798e-04
-3.211734595242887475e-04
-3.612776048248633872e-04
-8.413634629687294624e-04
-5.920226471789647067e-04
-3.706082215649075611e-04
-5.274162659770809157e-04
-5.391846087877638595e-04
-6.942994831479154484e-04
-4.636125004617497520e-04
-4.433384515868965558e-04
-5.718725605402141419e-04
-4.932036876562051995e-04
-5.951209639897570318e-04
-2.676763007184490605e-04
-3.469439470791257918e-04
-6.450839302851818589e-04
-5.683774332283064289e-04
-4.534475874970667259e-04
-5.258153616159688378e-04
-2.805472249747253954e-04
-3.058968720142729645e-04
-6.538581340282689520e-04
-7.390458483132533252e-04
-2.761805578484200201e-04
-6.653066878789104651e-04
-2.166697682696394568e-04
-5.735593097051605669e-04
-4.240764294809195884e-04
-3.642526193289086006e-04
-6.126204133033752745e-04
-1.070627278531901530e-03
-4.381449290667660773e-04
-5.639420106308535132e-04
-9.398922265972942114e-04
-5.987889884272590410e-04
-5.291310520260595262e-04
-7.361506760935298795e-04
-4.375870211515575799e-04
-3.610229183686897029e-04
-3.920362691860646183e-04
-3.970626334194093726e-04
-4.767553810961544557e-04
-6.312949786661192992e-04
-2.230298268841579556e-04
-8.449537983688060281e-04
-5.724320675653870932e-04
-3.826262272195890698e-04
-3.372485091676935293e-04
-3.506372380070388252e-04
-7.524516896228306386e-04
-3.107456641737371878e-04
-2.545191225362941883e-04
-5.775096709839999459e-04
-6.258511665510013656e-04
-3.781054556020535334e-04
-4.125077632488682953e-04
-5.738540565653238749e-04
-6.732038818881846964e-04
-2.965960558503866434e-04
-5.287973290251102298e-04
-8.045457451953552273e-04
-5.441997401067056152e-04
-7.569295263965613663e-04
-7.184306043200195269e-04
-2.266977437830064457e-04
-4.012043977854773576e-04
-5.570882471511140986e-04
-4.731412808177992463e-04
-3.452814189950004415e-04
-3.521578959771431961e-04
-5.925328203011304053e-04
-6.755431006604340014e-04
-5.697266291826963945e-04
-4.010015208041295366e-04
-3.604290969087742464e-04
-5.512486641237046570e-04
-3.676282026572152799e-04
-5.767665823805146223e-04
-1.819201736361719755e-04
-3.077328967629000631e-04
-5.024864888400770464e-04
-5.727680427662562232e-04
-8.288514841115102345e-04
-5.592960605281404761e-04
-4.018440259096678542e-04
-6.013434543274343491e-04
-3.438538542832248108e-04
-4.669512968393974180e-04
-3.892588481539860281e-04
-3.988643552293069834e-04
-5.286305684421676709e-04
-5.512181654921732626e-04
-3.816832526354118965e-05
-5.991928573348559049e-04
-3.850862363469786964e-04
-5.091983058082405868e-04
-9.658710044459440291e-04
-5.847008703858591529e-04
-4.626629025733564092e-04
-5.912865788559428914e-04
-5.012720893137156920e-04
-6.046235954272560992e-04
-9.380941878771409219e-04
-5.044964619446546230e-04
-6.539623110438697083e-04
-8.206269521906506270e-04
-3.206937848881352671e-04
-2.180335790035314988e-04
-4.896762469434179496e-04
-3.598710431833751673e-04
-4.472265992080792633e-04
-5.256928285234607973e-04
-4.159026264096610161e-04
-5.069478560471907041e-04
-6.259739591041580103e-04
-1.524807565147057284e-04
-6.825792978634126441e-04
-5.378337725414894781e-04
-4.636653943452984268e-04
-4.399361484684050343e-04
-8.162978527252561910e-04
-6.457953754579648549e-04
-6.154376539052463938e-04
-2.737060034996829905e-04
-5.348348672850988632e-04
-5.105154280317947008e-04
-4.489951969298999518e-04
-5.155597161501646302e-04
-3.224449264234863373e-04
-4.079981066752224944e-04
-6.089900244842283471e-04
-3.546962520340457537e-04
-5.322511374833993093e-04
-1.700655569584341850e-04
-2.390105013910215326e-04
-4.504289518808945862e-04
-7.738840742968022910e-04
-7.713984290603548072e-04
-2.910223338403739035e-04
-3.331226666341535725e-04
-1.888095290632918347e-04
-4.897765922942198900e-04
-5.702907947124913335e-04
-3.948723775101825617e-04
-6.519741166266612795e-04
-6.887058136635460046e-04
-2.911843731999397516e-04
-3.442561268457211337e-04
-7.995495951035991962e-05
-3.173748598783277084e-04
-8.058987642289139721e-04
-5.197884136578067703e-04
-5.665822894661687445e-04
-4.674827813869342360e-04
-5.810028899577446022e-04
-6.134202048997394741e-04
-4.552867691381834317e-04
-2.825486658548470413e-04
-4.029345809249207182e-04
-2.378659191890619695e-04
-4.936273870407603985e-04
-2.499251331028063002e-04
-3.306619681825395630e-04
-1.958650670712813724e-04
-1.923120967694558225e-04
-3.042053010722156527e-04
-4.141593434906099143e-04
-3.996839455794543245e-04
-4.210335708921775178e-04
-1.714010213618166745e-04
-3.147134138271212730e-04
-2.284159630653448533e-04
-2.130441938061267072e-04
-1.982871297514066141e-05
1.458242128137499074e-05
-2.473164632101543443e-04
-3.651390978484414279e-04
-5.295589622983243186e-04
-7.098329986911267346e-04
-4.803664432256482693e-04
-6.412646718672477143e-04
-8.163310740201268345e-04
-3.679075054242275894e-04
-7.677468148176558706e-04
-3.793317705276422376e-04
-8.688022778369486592e-04
-6.015797282452695158e-04
-6.095655093668029233e-04
-5.711852523381821291e-04
-3.277083582361228547e-04
-3.495359951921273218e-04
-5.886636546347290321e-04
-3.624830610351637179e-04
-4.352584906155243342e-04
-2.210572965850587934e-04
-8.241259054921102082e-04
-7.613205735106020819e-04
-5.458771923440509021e-04
-4.353347439609933449e-04
-8.673614355211612141e-04
-9.209050553909037436e-04
-4.194015491520985961e-04
-4.437362885801121397e-04
-7.158197634271345772e-04
-4.785284548415802354e-04
-6.011625225073657453e-04
-6.735453465080354840e-04
-7.187591676483861885e-04
-3.019155652145855150e-04
-6.194734331802464978e-04
-2.278556954115629218e-04
-5.048979804269038618e-04
-6.907043239334598010e-04
-3.978390633710660279e-04
-8.200304396450519388e-04
-4.617862611485179579e-04
-4.131375951692461881e-04
-1.073025187361054182e-04
-2.214299622573889879e-04
-3.326436055067461223e-04
-4.569556690694298422e-04
-4.498891820549033539e-04
-7.109128072625025717e-04
-5.052047234494239395e-04
-6.297758067375980101e-04
-4.505993337079416917e-04
-2.179948604316450688e-04
-3.009836527053266915e-04
-5.805491242790594567e-04
-6.103225436527282520e-04
-4.846254296717234151e-04
-4.920147627126425375e-04
-4.508523308322765172e-04
-4.185778061219025208e-04
-3.976361663080752069e-04
-3.780750479199923705e-04
-8.757991723541636237e-04
-5.199038289720192291e-04
-4.123681239434517812e-04
-5.129576713079586322e-04
-4.318059180513955414e-04
-3.073795739328488773e-04
-2.599040302447974812e-04
-6.827687096665613483e-04
-5.153723589319269844e-04
-5.712485313415526823e-04
-5.225134990178048914e-04
-3.938462573569267815e-04
-5.140031143673695971e-04
-5.882979124726262074e-04
-5.308953777421266187e-04
-4.297727634548209868e-04
-6.156209384789690072e-04
-4.708342434605583527e-04
-5.068295926321297667e-04
-8.169795668800361975e-04
-4.473745072027668227e-04
-5.306807265151292606e-04
-1.183336255780886870e-04
-2.000558256986551008e-04
-5.634357771486975426e-04
-1.103354267252143478e-04
-3.282011125702410763e-04
-4.793591084307991185e-04
-6.284057619632221845e-04
-4.726715592551044946e-04
-3.305924183223396540e-04
-5.186052714998368261e-04
-6.688308827870059628e-04
-5.333307060209336019e-04
-5.428162776661337938e-04
-8.078302431385964372e-05
-3.839220726513304011e-04
-7.261622973601334014e-04
-7.284180261194706180e-04
-5.876133989659137590e-04
-5.682988319313153538e-04
-5.967754598532337435e-04
-4.508009273558855035e-04
-6.628859264310449362e-04
-6.099316505424212274e-04
-4.081809450872242581e-04
-7.772041422140318727e-04
-4.187299567274749214e-04
-6.996343098580837206e-04
-3.631998706259764536e-04
-4.152810605592094318e-04
-2.086801259429194109e-04
-7.406870025442913478e-04
-3.583563175925519166e-04
-5.528959484945517510e-04
-5.872408681898377792e-04
-6.918354907247703002e-04
-7.026080280775204171e-04
-5.275713992887176573e-04
-8.154419009224511987e-04
-5.652483884477987408e-04
-5.229821425746194975e-04
-5.523635391728021595e-04
-1.694280310766771522e-04
-3.427724321954883592e-04
-5.021746407146565486e-04
-5.549855189747177195e-04
-5.331589971319772276e-05
-3.100363608973566204e-04
-3.500670827634166655e-05
-8.494319205055944838e-04
-6.457760633202269153e-04
-8.228346843679901646e-04
-7.362741942051798019e-04
-7.113926648162305312e-04
-8.922488964162767107e-04
-8.597568023833445944e-04
-7.441009680042042808e-04
-4.830266968929208728e-04
-2.452797957812435752e-04
-4.699228680692613342e-04
-8.161232472048141062e-04
-7.474321109475568284e-04
-6.093620382307562457e-04
-6.897216100333025375e-04
-7.121746897610137022e-04
-4.517489211866632169e-04
-4.318018900812603728e-04
-5.823084915755317136e-04
-5.453423017752356437e-04
-6.094958398898597460e-04
-5.636571170180104760e-04
-5.275564437033608252e-04
-6.981986263417638535e-04
-1.117862116370815827e-03
-5.605923634720966610e-04
-7.229579484555870555e-04
-1.043460814107675114e-03
-7.464494006126187568e-04
-6.985533163242507336e-04
-8.161054443917237439e-04
-8.609873804380185599e-04
-7.226819678908213930e-04
-5.242055476992390703e-04
-4.870411336014513143e-04
-5.478633008897304448e-04
-6.276935292407870683e-04
-5.660112478653900499e-04
-3.906606169766746418e-04
-5.386485563940368246e-04
-5.796703067608177141e-04
-7.593870752316434370e-04
-9.119902394013479222e-04
-7.860959690879098551e-04
-6.666385833523235825e-04
-3.468731811153702438e-04
-3.957716477452777196e-04
-5.721629015170038180e-04
-2.739251956518273714e-04
-4.299548128619790316e-04
-2.558113480336032873e-04
-5.921101503190584914e-04
-4.405552329262718298e-04
-6.729707581689581188e-04
-5.033270505373366047e-04
-4.744202848814893579e-04
-7.872772740665823265e-04
-6.964076680014841128e-04
-3.758235210261773448e-04
-6.787062567309476479e-04
-6.104167328157927667e-04
-1.098520939995069161e-03
-6.825507557368837470e-04
-8.339890590286813980e-04
-5.664800727390684144e-04
-8.156729754409753133e-04
-7.212637721386272157e-04
-5.990873307746369478e-04
-6.343243416631594821e-04
-6.362503289710730271e-04
-8.010817170725204311e-04
-5.792605862370692584e-04
-7.086380603141151802e-04
-9.338848201150540523e-04
-6.118128012167290200e-04
-6.225576467113569205e-04
-6.555357627803459980e-04
-7.127219354151748251e-04
-3.635241072333883451e-04
-5.192464319407008805e-04
-8.725012361537664912e-05
-3.381900844397023407e-04
-6.365848920540884094e-04
-6.396223251067567920e-04
-6.607253089896403253e-04
-4.158038282184861600e-04
-3.431461252330336980e-04
-6.311367831949610567e-04
-2.831428960780613146e-04
-7.010787802573759065e-04
-7.196285625104792113e-04
-5.595070708659477619e-04
-2.956563534098677120e-04
-7.685667395708151118e-04
-3.682253722217865071e-04
-1.088378678541630524e-03
-6.269154397887177288e-04
-5.348046500876080375e-04
-1.219708494609221755e-03
-6.051287648733705022e-04
-6.343081712839193252e-04
-7.755377341527491981e-04
-5.627997146802954159e-04
-6.259059390868059901e-04
-3.667622180364560466e-04
-7.035244976577814885e-04
-7.406253213412128259e-04
-4.113497474463656463e-05
-4.775224612967577092e-04
-7.990328731830231498e-04
-4.956526457681320738e-04
-4.134561309183481907e-04
-5.174100500880740366e-04
-5.182770758983679246e-04
-3.159428841900080399e-04
-5.480920287664048634e-04
-4.357185868138912935e-04
-4.702546940825414151e-04
-8.358984714141115893e-04
-7.089974162227008925e-04
-7.665857110987417053e-04
-4.358763278287370018e-04
-1.056337266054470196e-03
-8.172832475975155440e-04
-1.064241659187246079e-03
-4.916716957814059631e-04
-7.639224128797649860e-04
-5.766691104508936882e-04
-5.699211676255800090e-04
-7.275732891866937106e-04
-8.645779063226655169e-04
-7.460634611197746770e-04
-8.909630225389264958e-04
-8.715606611804105081e-04
-7.919738272903487086e-04
-4.928252851823344653e-04
-7.662112294929101760e-04
-9.708419282105750902e-04
-7.730418894789181736e-04
-8.047025298583321447e-04
-4.009350863634608664e-04
-6.494394753826782368e-04
-7.092219697369728021e-04
-5.778701409872155767e-04
-4.667086977860890329e-04
-6.030954477319028749e-04
-1.207044837065041060e-04
-6.665315738064236462e-04
-3.553848907176870918e-04
-6.464027344190981499e-04
-7.304781959101092157e-04
-6.144110145396553240e-04
-4.605208727298304222e-04
-7.179677370004356341e-04
-5.758735093695576757e-04
-6.564686619094572614e-04
-8.484100631903857210e-04
-5.910057140863500796e-04
-8.259421019465662886e-04
-4.352901731908786999e-04
-7.369451265549286723e-04
-4.034953378140926426e-04
-6.112546740041580268e-04
-7.016523435595445118e-04
-7.376878967625088686e-04
-5.855450587114319075e-04
-2.900588531338144007e-04
-4.292152178823016541e-04
-5.516723188338801005e-04
-6.189059632015414189e-04
-8.121919553377665536e-04
-8.198428992182016243e-04
-7.593589430325664406e-04
-9.020638972287998146e-05
-4.002146393759176352e-04
-5.197493097512051680e-04
-4.583252072916366420e-04
-7.980950805358588739e-04
-3.591026595677249047e-04
-6.815208573243581192e-04
-9.900599993125070407e-04
-2.876157552236691009e-04
-5.428453584318048775e-04
-1.866854293621145124e-04
-5.430179783434141167e-04
-5.639324235380627562e-04
-6.743300397647544265e-04
-5.142316492856480094e-04
-3.465378029795828968e-04
-2.444049043697305110e-04
-6.586979102576151317e-04
-8.178925138781778254e-04
-8.965874984278343921e-04
-6.104001624044030601e-04
-6.289981049485504714e-04
-4.525397338147740941e-04
-3.750867507187649369e-04
-6.838537869043648026e-04
-9.320642935927025844e-04
-6.324983789818361488e-04
-5.583861612831242426e-04
-5.852187573327683086e-04
-8.172426448436454199e-04
-5.896569101605564399e-04
-5.159037718840409070e-04
-5.835787844262086289e-04
-5.366087808215525392e-04
-1.981647108914330634e-04
-5.842939027934334869e-04
-2.804410882527008631e-04
-6.415158434538170435e-04
-4.306350644037593026e-04
-9.303880375227891126e-04
-5.477110094216186380e-04
-8.981720675365068018e-04
-5.348221419262700086e-04
-3.588378246058709789e-04
-1.810391354956664167e-04
-3.136130599887110141e-04
-8.063836452492978207e-04
-6.337061760132201059e-04
-6.728165643289685553e-04
-6.246595320408232467e-04
-2.054073792533017576e-04
-6.705087129375897131e-04
-1.215345282107591681e-03
-9.352509837481193071e-04
-4.674230920500122119e-04
-6.854564711102284968e-04
-5.377274741476867131e-04
-8.674729440826922221e-04
-7.026812649564818068e-04
-5.432152529829181384e-04
-9.677775132877286871e-04
-6.105535081587732055e-04
-1.162719971616752541e-03
-1.179029679333325545e-03
-4.831542650936171586e-04
-5.211257101473165980e-04
-3.702413232531398535e-04
-3.059269627556204904e-04
-6.184318468149285243e-04
-8.894849073840305534e-05
-4.101237526629120068e-04
-6.105880875838920864e-04
-4.382551906746812013e-04
-5.769920056627597790e-04
-4.453264153562485933e-04
-6.381849624449387149e-04
-5.838918717927299223e-04
-6.826020413427613892e-04
-4.873025878623593815e-04
-7.142381308949552086e-04
-6.370431414688937886e-04
-3.818172091268934353e-04
-3.950694738887250358e-04
-5.216937942896038641e-04
-5.184524285141378858e-04
-6.048884225310758147e-04
-7.457152282586321408e-04
-8.395225674030370880e-04
-4.720532702049240296e-04
-2.150376918143592797e-04
-5.954813674907199561e-04
-4.413504336844198319e-04
-4.390415041416417764e-04
-4.391807285719551059e-04
-3.379194819717668062e-04
-2.207348411320708594e-04
-7.001200327067635520e-04
-4.606159121613018345e-04
-3.312194436148274907e-04
-8.159095369046553622e-04
-5.383786141464952163e-04
2.332318399567157200e-06
-7.698146146140061319e-04
-1.462556672049686302e-04
-4.481551682692952476e-04
-7.093320156855043458e-04
-6.941471104801166933e-04
-4.399040096905082377e-04
-6.828292095451615274e-04
-3.754396919975988524e-04
-7.636329694651066997e-04
-3.990215694648213815e-04
-6.676066303043625815e-04
-3.521836380241438790e-04
-2.031896526750642720e-04
-4.709443010506220357e-04
-9.265520307235419577e-04
-2.820452288142405320e-04
-4.149251052876934561e-04
-6.667869875673205051e-04
-4.455396528646815373e-04
-6.975567684276029077e-04
-5.494745998294092238e-04
-3.948872088221833023e-04
-3.374577443173620763e-04
-5.465897649992257443e-04
-5.658619572932366195e-04
-3.309761238051578272e-04
-3.462356362433638424e-04
-7.831469082157127863e-04
-2.567438611004035790e-04
-8.979133577668108263e-04
-6.022423165268264624e-04
-2.394433147856034447e-04
-3.100758817163296022e-04
-5.539082598988898272e-04
-5.346440355060622009e-04
-5.523937538964673703e-04
-3.540461228112690259e-04
-2.484385453863069393e-04
-7.770063102361746479e-04
-2.048132874188013299e-04
-9.557359619066118544e-05
-4.090658266795798941e-04
-2.105446325731463795e-04
-3.880951856262981631e-04
-3.137143611093051493e-04
-4.861549288034439130e-04
-3.714482020586728789e-04
-3.010579542024060824e-04
-4.543377493973821185e-04
-1.358486409299075538e-04
-3.823103911418002272e-04
-3.739224550372455161e-04
-9.290858892200048796e-04
-6.292541377479210236e-04
-6.998776024556718376e-04
-4.483828945376444695e-04
-3.671858040615916296e-04
-5.230329390906263230e-04
-3.966585494345054161e-04
-2.400678946287371164e-04
-3.507683545467443938e-04
-7.896220435213763050e-04
-7.098524246248416559e-04
-4.645047576923389075e-04
-7.966611915617249733e-04
-4.890285548754036210e-04
-4.637002373056020848e-04
-8.301610295893624772e-04
-7.871530452393927070e-04
-6.810452244826592635e-04
-6.522883969591930552e-04
-5.700750843971036375e-04
-8.703788361162878530e-04
-8.115662279305980087e-04
-5.919235880719498103e-04
-3.642962429148610876e-04
-6.180336503894068648e-04
-5.869075085502118263e-04
-8.496564443339593405e-04
-5.508214328438043681e-04
-1.069535853457637120e-04
-5.633857045904733284e-04
-5.831937860057223935e-04
-3.813967476889956699e-04
-4.523699551646131935e-04
-6.654357537627219720e-04
-5.540701517020351968e-04
-3.800389116804580919e-04
-7.438050876953639350e-04
-1.321100338827818686e-04
-3.462475980632007361e-04
-3.443327447894262410e-04
-3.452425627619959653e-04
-2.380230987910181392e-04
-3.940577064349781809e-04
-3.030097999726421914e-04
-6.363802117994054632e-04
-4.712982554337941110e-04
-5.345236026914790446e-04
-8.043236305820756138e-04
-2.487886817834805871e-04
-2.695524165756069059e-04
-5.378970383026171172e-04
-2.831711006001569244e-04
-1.978757377946749351e-04
-8.534037187928334150e-05
-4.977027034328785010e-04
-7.340809529705438589e-04
-1.581436250125989340e-04
-3.057875538070220695e-04
-6.045176117913797628e-04
-6.480972730787470460e-04
-6.635335186729208069e-04
-3.733233208185993373e-04
-2.821153163677081726e-04
-2.977412783366162547e-04
-7.677920442074537754e-04
-1.126125289010815263e-04
-2.226756290474441033e-04
-2.927207452012226181e-04
-2.391451117000542505e-04
-6.289930423372425443e-04
-5.165580427274107716e-04
-3.088425181340425968e-04
-5.874957027845084841e-04
-2.318826611735858110e-04
-3.888531192205846158e-04
-5.195661037578247661e-04
-6.160442605323623389e-04
-6.572688579035457527e-04
-7.974321201618295336e-04
-8.431799511890858282e-04
-3.588278521783649683e-04
-3.412656491855159380e-04
-5.256491884938441174e-04
-6.011026632040738582e-04
-5.886625047423876388e-04
-4.163759050425142093e-04
-2.659811335615813776e-04
-2.706325921462848934e-04
-2.629893839184660681e-04
-4.600902623496949412e-04
-7.898257955093868467e-04
-2.028887669439427609e-04
-5.645316152367741303e-04
-5.077638849616050243e-04
-2.668535738484934102e-04
-6.679213527240790340e-04
-2.943284853245131671e-04
-1.738548357388935961e-04
-2.955635395483113999e-04
-2.984846621984616030e-04
-6.385385568137280372e-05
-2.921645544120110680e-04
-4.400392415118403993e-04
-5.464557676168623791e-04
-5.408909029210917695e-04
-5.405082224751822477e-04
-5.692813955829478410e-04
-1.656524295685812733e-04
-6.958123951335438030e-04
-4.516614995372947327e-04
-6.513000084669329399e-04
-3.421578065899666355e-04
-4.464240217930637257e-04
-5.802068179764319168e-04
-3.241741453530266968e-04
-5.582253605825826482e-04
-4.849199160526041028e-04
-2.514151349896565015e-04
-5.154236090311315041e-04
-7.225650566397235014e-04
-5.966372296097688203e-04
-6.004646501969546427e-04
-4.675067286734702152e-04
-6.730697161401622431e-04
-5.905890942085534811e-04
-5.939810059498995803e-04
-4.803857250954024515e-04
-5.842477097758091769e-04
-4.733581865730229852e-04
-6.312698645342607528e-04
-1.031406951515236948e-03
-9.031511636567302439e-04
-4.918720875866710663e-04
-4.704517711070366074e-04
-3.074228574405424080e-04
-4.750187421450391195e-04
-3.608431195607408794e-04
-5.441599668120033996e-04
-4.764225136023014762e-04
-6.108406679413747086e-04
-3.210141332237981498e-04
-5.041495461773592675e-04
-2.997507397958542913e-04
-6.228747009299695969e-04
-6.635319509950931942e-04
-4.580112015537451866e-04
-4.817388750961981974e-04
-2.941631362773478140e-04
-6.569726925226859228e-04
-3.566816329839639322e-04
-5.478548932296690120e-04
-5.443527882744092971e-04
-2.440290058439131804e-04
-3.007515444187447667e-04
-7.926492241676897071e-04
-9.325321079813875258e-04
-7.098200381733477332e-04
-4.851007409160956480e-04
-6.608591189433355101e-04
-6.465942849172279499e-04
-2.295136796601582416e-04
-9.465774515410884694e-04
-2.800375290098600220e-04
-5.228639961569569831e-04
-7.778235530713573445e-04
-5.708311146008782089e-04
-6.917176680872217254e-04
-5.325948882091324950e-04
-8.229820405540521841e-04
-4.482913461106363749e-04
-5.073810025351122022e-04
-8.109314751345664350e-04
-5.700062407413497784e-04
-6.014848168706521782e-04
-2.676429197890683792e-04
-2.625421292032114923e-04
-4.586552767432294938e-04
-6.018472308642231101e-04
-7.766267310944385566e-04
-4.420505311281886147e-04
-4.882368724793195508e-04
-5.994340135657694191e-04
-7.525717600947246302e-04
-2.914032057742588265e-04
-5.695990855747368100e-04
-4.661982171819545199e-04
-6.650587357580661817e-04
-6.379290652694180955e-04
-5.690764321479946462e-04
-4.659806130803189955e-04
-9.134899050695821816e-04
-5.374654571642167389e-04
-4.871494966209866107e-04
-7.082147704204544078e-04
-4.597164661390706897e-04
-6.287320361298043454e-04
-5.844800075283274228e-04
-8.704556777956895964e-04
-2.813508115650620420e-04
-9.453920877422205844e-04
-6.318888503301422826e-04
-6.614135624840855859e-04
-4.013612100970931330e-04
-5.384202962159179628e-04
-9.129601468157488896e-04
-9.072022278269287286e-04
-4.237413273949641604e-04
-6.968883724766782983e-04
-6.526901683537290021e-04
-7.106860073690767898e-04
-6.590333450003526715e-04
-2.580975243472494228e-04
-4.994952550623566259e-04
-6.397249475412536196e-04
-5.268357958993874317e-04
-5.911957820353563745e-04
-2.566214156104251526e-04
-5.320414592279121236e-04
-5.967592899105511692e-04
-8.867239035316742436e-04
-5.516257521230727304e-04
-4.435551349888555879e-04
-5.884763556241522997e-04
-6.934393738629296682e-04
-7.585172215476632465e-04
-5.008925194852054640e-04
-6.438614624494220931e-04
-5.049044292536564128e-04
-8.869264464010484083e-04
-6.239154809736647102e-04
-7.752018235623836474e-04
-3.752718961914069929e-04
-4.955311844241805808e-04
-2.085684699704870462e-04
-3.226253097818698561e-04
-4.945232986938208385e-04
-2.446704485919326435e-04
-2.356877556303516063e-04
-7.852454946259967983e-04
-7.252698112279176972e-04
-3.879842063179239717e-04
-3.110188100254162994e-04
-4.267226123192813096e-04
-7.346091135696042416e-04
-5.225926762796006793e-04
-3.389274611254222865e-04
-5.054139799904078549e-04
-3.378940031689126023e-04
-7.187783790868707218e-04
-5.617402718053199221e-04
-4.289471352240070657e-04
-5.964442316326312721e-04
-3.805057118006516270e-04
-5.207206294289790051e-04
-5.966035029268823434e-04
-1.882691335049457826e-04
-2.801082268706523055e-04
-8.587423086282797375e-04
-3.324538966990076049e-04
-6.641021910763811363e-04
-7.534469437086954539e-04
-3.239367123751435581e-04
-2.904663965455256576e-04
-3.242024182691238690e-04
-4.004935520060825833e-04
-4.255217860918492144e-04
-5.006889671494718381e-04
-1.769027655245736306e-04
-3.552726237103343118e-04
-6.776490295305847948e-04
-1.031669034273363666e-04
-2.823700509907211892e-04
-3.693604937870986673e-04
-6.101356158615089649e-04
-4.183139144151937021e-04
-4.149363841861486327e-04
-1.769099479133729000e-04
-6.095136026851833387e-04
-5.695698451017960733e-04
-5.272646466619334725e-04
-4.459530638996511589e-04
-8.395015579299070115e-04
-4.242287398665212030e-04
-5.720491480315103737e-04
-8.574650208174716248e-04
-5.594121181638911236e-04
-6.911039941769559153e-04
-3.055322903674096021e-04
-3.185304572980385491e-04
-4.589145875070244117e-04
-4.636609283625148085e-04
-5.462045985041186647e-04
-3.318513210979290393e-04
-6.267488328740001245e-04
-5.604498846514616509e-04
-7.183851941954344598e-04
-6.505675893276929899e-04
-5.166228135931305848e-04
-7.043507235357537345e-04
-1.509278659068513759e-04
-6.566914822906255592e-04
-2.874163929664064047e-04
-3.019826568197459004e-04
-2.882944481098093244e-04
-3.252979466924443798e-04
-3.410313758649863194e-04
-6.759486875671427610e-04
-4.484945409058127812e-04
-7.161655582603998742e-04
-4.183833513525314694e-04
-2.135263622039929152e-04
-7.498061930527910894e-04
-8.303470993996597783e-04
-5.232351904851384461e-04
-8.865955274086445397e-04
-7.390529844269621727e-04
-6.243538607668597164e-04
-3.441988788836170205e-04
-6.228355097118765159e-04
-7.563828173442743979e-04
-5.465725636167917444e-04
-6.771909963572398088e-04
-1.989132528251502717e-04
-8.349404632463120228e-04
-5.803223088150843761e-04
-4.385541178635321558e-04
-5.346855621610302044e-04
-5.691921940888278490e-04
-9.402651494019665171e-04
-4.105461752624250927e-04
-3.975451202131807891e-04
-5.208145812503062189e-04
-4.749753774376585863e-04
-3.699506440898403482e-04
-3.282640621182508506e-04
-5.431689562101383196e-04
-5.578474747017026295e-04
-5.998323616222478926e-04
-6.058411831327248885e-04
-7.973612188652622968e-04
-8.319643697177525393e-04
-8.405419581686146427e-04
-1.334580535185523427e-03
-1.353030175960157110e-03
-1.260670101328287317e-03
-8.332063913985620707e-04
-6.596819983678870207e-04
-7.133699019323103520e-04
-5.945837497711181120e-04
-6.632635844289325308e-04
-8.271888850140385850e-04
-4.293642567063216228e-04
-7.093447737861424641e-04
-7.066019150079227897e-04
-6.272986286785454035e-04
-3.304844268132001010e-04
-6.960290210554375854e-04
-2.123032105737365652e-04
-6.967691241879947093e-04
-4.940428170084487257e-04
-8.917733366251923491e-04
-6.669725122628733386e-04
-6.630820194550323711e-04
-6.185631682456005365e-04
-7.089493243256584027e-04
-6.126993679208681117e-04
-7.144769310252741500e-04
-4.393866471946239536e-04
-3.373564252979122037e-04
-7.380591492983512450e-04
-6.765456072753294912e-04
-8.131014188984408845e-04
-5.319514530128799379e-04
-7.608270847413223020e-04
-5.018063189345411436e-04
-6.604881658859085075e-04
-5.838700698222964959e-04
-6.740094168344512235e-04
-5.106373774469830486e-04
-1.079969691054429894e-03
-4.453846171963959911e-04
-5.200830104877241476e-04
-5.267737677786499218e-04
-1.017226889671292130e-03
-7.795975242333952294e-04
-3.771195453009568198e-04
-8.218858798500150659e-04
-7.965961973241064914e-04
-1.096358251670608366e-03
-8.935346723592374864e-04
-4.025759945216123210e-04
-4.647919931448995872e-04
-2.660547544655855984e-04
-5.690613933256827251e-04
-8.449422585545108113e-04
-6.468576248153112829e-04
-4.317539290059357621e-04
-6.585365175851620517e-04
-7.560265428037382923e-04
-9.096180429332889270e-04
-4.283608387049753414e-04
-8.526053125387988638e-04
-9.086758451303467371e-04
-5.740745592629537030e-04
-7.418642722768709280e-04
-3.294395984266884668e-04
-5.292434844886884137e-04
-3.505441709421575069e-04
-3.688380631501786302e-04
-6.451763462973758839e-04
-3.577048855368047757e-04
-9.693816487560979502e-04
-7.183568464824930050e-04
-7.110348225978669213e-04
-3.742515537305735247e-04
-2.705083803448360630e-04
-2.373421879019588362e-04
-1.424188271630555294e-04
-3.344090154860168500e-04
-8.449656306765973026e-05
-5.922564305365085873e-06
-3.340202444087480996e-04
-6.619259336730464859e-04
-2.610811725025996371e-04
-6.022299698088317893e-04
-5.037225148407742468e-04
-4.459844584926031682e-04
-5.486698292952496602e-04
-3.928616747725754803e-04
-5.733180414244998593e-04
-4.394975147442891955e-04
-6.517689561587757972e-04
-4.028244745859410527e-04
-5.937376315705478105e-04
-8.950104082032339214e-04
-9.720950821065344307e-04
-1.036837267165537828e-03
-5.173370454576798130e-04
-8.679189310350920875e-04
-5.768697796156629703e-04
-3.154814674053341064e-04
-5.546514695743098551e-04
-4.960731553728691713e-04
-7.831091037951410337e-04
-2.172594878356903835e-04
-8.291242188715841448e-04
-4.764871523366309876e-04
-4.727281445229891753e-04
-4.904963113949634048e-04
-8.419231479638256089e-04
-6.174057407770305525e-04
-5.735111338435672701e-04
-5.321303001983323545e-04
-4.839155676017981001e-04
-7.194956831517629239e-04
-6.161254015751183467e-04
-5.726209879503584878e-04
-8.412452912307344204e-04
-8.053269371157511895e-04
-1.017860678111901472e-03
-3.349534366861916862e-04
-7.169302256079390775e-04
-6.871595366101246197e-04
-4.343338268517982020e-04
-2.527873814688063898e-04
-4.678665910614654465e-04
-4.516345571028068857e-04
-8.598639072442893416e-04
-7.690121850464493166e-04
-7.661793040460906836e-04
-4.225414668326266110e-04
-6.897475104779005051e-04
-7.118409321992658469e-04
-9.913060828694141968e-04
-8.874572985223494427e-04
-6.050826213322579470e-04
-5.661717065959237776e-04
-5.739832433755509642e-04
-6.920329536660574507e-04
-4.281533791800029532e-04
-5.357725087378640162e-04
-6.974249503400642208e-04
-5.931987249641678750e-04
-5.179584102006629370e-04
-4.195033272844739345e-04
-4.711157223209738992e-04
-9.799072885653004744e-04
-4.064687388017773498e-04
-8.834322105394676631e-04
-7.408197518088855283e-04
-2.233031814103014670e-04
-5.149567718035541258e-04
-7.550967272254637897e-04
-7.046600271132775171e-04
-4.694395739352330414e-04
-5.577240200364030941e-04
-5.468833210761658327e-04
-5.047593597555532791e-04
-3.845448371430393070e-04
-3.311212730477564189e-04
-5.144657011260278696e-04
-2.982023297226987584e-04
-3.150002863549161919e-04
-7.843018701532855240e-04
-6.793789225048385907e-04
-3.672582079889252630e-04
-5.113746107963379733e-04
-8.608820424706209755e-04
-7.061204934143461330e-04
-6.195432199456263420e-04
-5.685631424421444622e-04
-7.675750419730320876e-04
-5.816725327167659738e-04
-4.635645309463143349e-04
-4.622754058800637722e-04
-3.173341701040044579e-04
-3.148652790696359997e-04
-5.060678007430397104e-04
-3.439201679429970747e-04
-6.272335903486236540e-04
-5.634826776804402167e-04
-9.893933306739199733e-04
-3.340304632729384831e-04
-2.695206482894718907e-04
-2.986421308014541994e-04
-2.285472577204927932e-04
-4.082667524926364639e-04
-6.271040489082224884e-04
-3.210563608445227298e-04
-6.204312408226542001e-04
-3.256698694895021552e-04
-4.590016907604877144e-04
-8.072429097956046375e-04
-2.830491957138292643e-04
-5.545748710574116992e-04
-9.143104319809936117e-04
-8.788645343156531713e-04
-3.077400007168762429e-04
-4.912672417412977536e-04
-7.555970526300370433e-04
-4.543570350506342839e-04
-8.334632634068839772e-04
-3.223577939206734560e-04
-1.829793766228249383e-04
-3.651366943086031868e-04
-5.279189260909333738e-04
-5.608290077361744331e-04
-3.361755082732997770e-04
-3.760721150320023428e-04
-2.489386801607906797e-04
-7.539766354602761480e-04
-7.578230943181551993e-04
-4.763555870158597784e-04
-5.160760384751483841e-04
-8.388641962665132788e-04
-7.217034757195506375e-04
-1.656269747763872017e-04
-3.559322142973542148e-04
-5.360666103661060463e-04
-1.794971179333515400e-04
-3.863147125230170570e-04
-4.429343581432476683e-04
-7.313806589809246318e-04
-5.851213308051228480e-04
-7.970185115118511368e-04
-4.319019842660054478e-04
-6.558252802642528488e-04
-6.506007426651194908e-04
-4.541518285986967320e-04
-4.237665950495284311e-04
-3.785042298841290328e-04
-5.295451107667759321e-04
-5.007778140134178622e-04
-3.154220010037533852e-04
-3.904876376327592728e-04
-3.817452184739522658e-04
-7.375055833836086268e-04
-5.575309871346690194e-04
-4.822277295170351624e-04
-5.158489473978989130e-04
-4.678675295144785000e-04
-8.747531159315258048e-04
-6.116244979784824084e-04
-5.659026965440716248e-04
-6.616910887532867882e-04
-4.453752707922830983e-04
-2.477232637465931280e-04
-7.445569970877841419e-04
-8.234908588929102085e-04
-5.345098304678685876e-04
-7.058354304172098290e-04
-4.974804744415450928e-04
-4.231181574868969467e-04
-4.938986027264036108e-04
-6.991927005583420873e-04
-4.776661499636247602e-04
-5.653048583189957191e-04
-4.814535105833783789e-04
-4.196457494981586977e-04
-5.867910898814443282e-04
-1.741247804602608193e-04
-4.628334705193992726e-04
-3.659654484363272938e-04
-4.333084315294399814e-04
-1.245432507130317325e-04
-4.074929995113052319e-04
-3.225176133855711517e-04
-4.104959162941668226e-04
-5.764121463289484121e-04
-3.932528264704160522e-04
-5.318708450067787842e-04
-3.981834129081107850e-04
-3.678641795704606877e-04
-6.799718839465640832e-04
-5.664973976672627335e-04
-5.538631748640910138e-04
-3.292049915762618423e-04
-8.428358111996203921e-04
-3.136041187099181311e-04
-3.041803173255175114e-04
-8.152935265388805593e-04
-6.322111442568712414e-04
-4.096826617023907689e-04
-2.882638429582584541e-04
-4.932756093330681020e-04
-8.212807995732873245e-04
-4.011471662670373830e-04
-5.854910326888784549e-04
-9.134034479211550510e-04
-6.394247832940891862e-04
-5.721395765431225343e-04
-4.207942236098460766e-04
-3.352861893654335052e-04
-6.907666672486812137e-04
-5.418924227706156975e-04
-6.628785224165767865e-04
-5.071646370925008774e-04
-5.145861188066192015e-04
-3.203774490975774846e-04
-6.626629346283152309e-04
-5.600829224567860278e-04
-2.136501252243761049e-04
-6.464964408951346221e-04
-3.952310624299571027e-04
-5.708726774901151614e-04
-2.694481186335906213e-04
-2.228339633438736114e-04
-2.732652518898248824e-04
-4.437686181336175715e-04
-3.643600901705212653e-04
-4.842941477545537315e-04
-7.111913699191063209e-04
-5.622339248657226172e-04
-6.944160562125035107e-04
-3.466186003061011412e-04
-7.162643186165951149e-04
-5.879317692597396542e-04
-1.919595642539206968e-04
-4.526847990928217704e-04
-2.237813711690250849e-04
-2.348576730582863147e-04
-3.792073600925505075e-04
-4.855229594977572387e-04
-5.003336415393277873e-04
-3.801168840436730686e-04
-4.888447409030049606e-04
-7.143817072210367682e-04
-5.097169909276999316e-04
-5.181163272936828218e-04
-2.233566014911048017e-04
-6.031296931905672214e-04
-1.721953063679393327e-04
-7.707056077197193839e-04
-9.425373419071547340e-04
-7.385208488267380614e-04
-7.759894136688672136e-04
-4.227078217081725641e-04
-6.504272544407285490e-04
-4.444504226557910507e-04
-9.976396599086001570e-05
-2.055840977118350446e-04
-5.951216810353798879e-04
-5.780629071523435414e-04
-5.842811637558043523e-04
-6.251541484380141031e-04
-6.306253786897286643e-04
-3.600844864558893949e-04
-1.416003482881933429e-04
-5.385767927509732935e-04
-1.419443519262131282e-04
-4.973408512887545277e-04
-5.954113398911431258e-04
-4.292568608070723626e-04
-4.103505931561812628e-04
-5.781930834928061596e-04
-3.188014688203111443e-04
-3.993813706620130493e-04
-6.754652361269108691e-04
-4.825944121694192355e-04
-2.558330481406301152e-04
-2.397020107309799641e-04
-6.614256082684733407e-04
-3.146988106891513088e-04
-6.742832118470687723e-04
-4.975794510392006183e-04
-7.416004964034073402e-04
-1.003973766346462002e-03
-6.151697371387853872e-04
-4.806181396997999443e-04
-6.423633273516315490e-04
-5.759729939745738799e-04
-7.746001519262790290e-04
-4.287550359731539910e-04
-5.966192003688774699e-04
-4.843681691272649762e-04
-5.852934156428090924e-04
-4.896956984885036425e-04
-2.800304381526075260e-04
-5.118787271203473384e-04
-6.720375201257410913e-04
-6.150175197399221447e-04
-6.562544591724872459e-04
-5.145093917963094966e-04
-4.186524749093223602e-04
-7.443257274280767584e-04
-4.254500681417994006e-04
-7.178674603346735543e-04
-8.648226804507430686e-04
-4.790350946132093538e-04
-7.370239650481380349e-04
-4.567026680888375267e-04
-6.950011613662354735e-04
-8.473617632989771187e-04
-8.519940442056394897e-04
-5.047992966137826920e-04
-4.956701799528673074e-04
-4.740251367911696347e-04
-5.851310532307251854e-04
-8.544597547734156555e-04
-9.915602320688776238e-04
-7.812131616810802023e-04
-8.865919336676597292e-04
-5.092289003368932797e-04
-6.075319953379221304e-04
-5.983023266890086277e-04
-7.362925627967342821e-04
-8.026987052289769053e-04
-4.509466994204558259e-04
-9.913038325612432734e-04
-4.696517763659358068e-04
-3.723384265322238185e-04
-3.848061140161007751e-04
-7.927125954302027518e-04
-8.231111298664473084e-04
-9.535412745026405857e-04
-5.600423875148408158e-04
-7.748120233009104033e-04
-4.896789084887131962e-04
-4.560690623475238724e-04
-3.060747176641598539e-04
-3.491482148820068535e-04
-3.677274542860686540e-04
-3.631159241194836904e-04
-2.712332937517203326e-04
-4.422761313617229505e-04
-8.680361969163641637e-04
-4.041852892260066905e-04
-4.557070840382948431e-04
-4.456072245375253369e-04
-4.342805941996630476e-04
-5.486287435633130328e-04
-5.438093664997722867e-04
-5.591323148109950342e-04
-2.878443880035774999e-04
-6.400061913882381954e-04
-4.579472624754998833e-04
-6.842632492771371852e-04
-3.632532738265581212e-04
-4.164580428914632518e-04
-5.217849454493262134e-04
-3.467880209791474023e-04
-3.809359636215958723e-04
-4.028020698751788413e-04
-3.713828709442168279e-04
-6.614414237265009607e-04
-6.576682964805514054e-04
-6.301902909763157238e-04
-4.623149248072877353e-04
-3.271043012500740848e-04
-6.947191254585050220e-04
-5.126093453145585477e-04
-8.060022443532943249e-04
-4.075986458337865792e-04
-3.438836021814495217e-04
-6.746974136331118470e-04
-4.109464424254838139e-04
-6.606994298635982194e-04
-6.411223798932041799e-04
-4.192715123645030157e-04
-9.240007086191326813e-04
-8.934968383982778029e-04
-8.198517860728316313e-04
-1.027958333434071409e-03
-4.233716911403462031e-04
-9.338045140611938872e-04
-7.638394125388004189e-04
-2.922661925549618943e-04
-8.046468003885820248e-04
-6.623789960576686705e-04
-5.716643980122170909e-04
-9.388527818373404226e-04
-6.990543592837639326e-04
-6.357488151115830467e-04
-2.778994003892876056e-04
-6.899543381587137057e-04
-3.425348628661595155e-04
-5.870284533011727122e-04
-3.516239406599197667e-04
-4.462015567696653306e-04
-5.189731862628832026e-04
-4.749381939473096541e-04
-5.039514775853604599e-04
-6.341226109361741388e-04
-8.961408829782158483e-04
-9.007966017816215363e-04
-5.801406965474598327e-04
-9.059289569268003496e-04
-5.839834295329638259e-04
-4.144095454830676469e-04
-5.104727801517583950e-04
-5.956592466100119358e-04
-3.884434825158677908e-04
-6.276001990772783930e-04
-6.188104103785008409e-04
-3.486204918590374464e-04
-3.084811313601676331e-04
-4.437781953311059776e-04
-3.282032514107413482e-04
-6.498061520687770098e-04
-3.570268550538457952e-04
-1.862733942107297437e-04
-5.278040892153512426e-04
-7.516492073773406273e-04
-2.853944242815487087e-04
-2.728684898465871789e-04
-4.816836839017924051e-04
-3.922854308621026445e-04
-4.742726733093150155e-04
-3.207675067824311381e-04
-4.646284412592649373e-04
-4.160895982931833541e-04
-1.738886148086748898e-04
-1.417733960261102744e-04
-3.812229832692537413e-04
-5.702387294149957814e-04
-6.441031240683514408e-04
-5.508410689071752608e-04
-5.583234835648909298e-04
-4.653722903458401734e-04
-4.575868026586249557e-04
-7.456869038287550731e-04
-7.165040624386165291e-04
-4.113409599813167179e-04
-6.670348500483669254e-04
-3.624585145735181998e-04
-4.217324503406416430e-04
-7.476288164616562773e-04
-6.199958542129024820e-04
-5.684065702371299007e-04
-5.614112902549095669e-04
-6.663979508448391676e-04
-6.072436417161953051e-04
-4.166025540325790579e-04
-6.130494776880368634e-04
-6.363228804548271391e-04
-6.425896765722427257e-04
-7.156233620480633795e-04
-4.093984005157835695e-04
-5.445737935951911000e-04
-9.771766478661448024e-04
-9.878422446490731958e-04
-6.828604979091324129e-04
-5.020533720380627096e-04
-5.497002124320715796e-04
-4.941400946700014478e-04
-7.745464539038949192e-04
-6.017544397036544805e-04
-3.866650811687577624e-04
-6.461021577706560926e-04
-5.548274575266987432e-04
-3.482605837052687742e-04
-9.175489982590079177e-04
-5.830219096969813455e-04
-6.477757665561511939e-04
-5.692774744238703923e-04
-3.210089633648749202e-04
-8.319648895121644792e-04
-2.718582356465048980e-04
-5.105401037144474859e-04
-4.411259552580304487e-04
-8.499859945732169027e-04
-4.425584658747538816e-04
-9.090683801332488439e-04
-6.047098616545554728e-04
-6.698724674060940396e-04
-7.089503563474864245e-04
-7.069797549047507389e-04
-6.631613319041207259e-04
-6.866650051961187490e-04
-5.124855315079912890e-04
-3.961845736193936296e-04
-6.012451963033527309e-04
-5.495311066624708691e-04
-7.225993613246828318e-04
-4.155671980697661421e-04
-6.192200210352893659e-04
-5.936941600521095574e-04
-6.269619200611486771e-04
-5.436146576539613350e-04
-4.498307892936281990e-04
-3.805810183985158996e-04
-5.237469616986345283e-04
-1.015551419986877695e-03
-5.473250037175603124e-04
-5.001696682302281651e-04
-6.447200957336462644e-04
-5.340825952589511394e-04
-6.273074354976415461e-04
-4.607987904455513001e-04
-7.266108201292809316e-04
-7.325115067942534076e-04
-8.639168698573485320e-04
-6.417748008971102536e-04
-9.629152124398387838e-04
-4.416286881314590487e-04
-6.478283223987091072e-04
-3.838481332059018227e-04
-5.866883354610763750e-04
-5.944327477482147905e-04
-4.090974802966229791e-04
-4.732856026384979617e-04
-5.259525039582513186e-04
-3.757838044839445523e-04
-4.034999634313862988e-04
-1.258646984933875599e-04
-5.292100823135114859e-04
-6.170084977929945948e-04
-2.528279612306505333e-04
-4.748699601623229639e-04
-5.233604862587526137e-04
-1.066459532012231594e-04
-7.585011878109070927e-04
-3.452611078682821504e-04
-8.575579330499749587e-04
-7.411979374592192731e-04
-8.608496544184162779e-04
-6.860161453369073440e-04
-3.259898527176119604e-04
-9.595605949289164960e-04
-5.850591401394922113e-04
-3.902640045271255033e-04
-4.391182214021682522e-04
-3.925772092770784876e-04
-6.054981934721582115e-04
-6.345342120039277256e-04
-5.418684388860128560e-04
-4.989126295549795552e-04
-5.031118973420234831e-04
-5.353544499666895978e-04
-6.157080651610158731e-04
-2.152220226707868180e-04
-2.559443842619657538e-04
-4.342098016059026035e-04
-4.555445758160203544e-04
-4.382614011410623811e-04
-6.668505672132596243e-04
-6.620580996968783395e-04
-3.786517912521958481e-04
-4.012664404581300958e-04
-7.023154330090619971e-04
-6.996747813536785456e-04
-5.255084380041808280e-04
-5.236691488244105217e-04
-2.853428223170340256e-04
-4.544586999691091283e-04
-4.651072632987052441e-04
-2.095302818634081643e-04
-7.126107258955017166e-04
-3.224731431691907368e-04
-3.747923778428230413e-04
-5.116619030013680762e-04
-6.740381699637510403e-04
-6.768669708981179048e-04
-5.119296262273564805e-04
-6.543090948252938297e-04
-3.801353528251638658e-04
-8.690893980383407585e-04
-6.134293673676438716e-04
-7.136319665005430623e-04
-7.382721727481111667e-04
-5.632955534383654551e-04
-5.158401976223103832e-04
-1.089904344698879946e-03
-4.626736939826514355e-04
-6.373199188965373262e-04
-6.095804256619885954e-04
-3.438263584394008116e-04
-6.367471741396002081e-04
-6.986241275444626331e-04
-5.187349035986699251e-04
-4.296389932278543819e-04
-7.629853513208218136e-04
-4.152071257703937850e-04
-6.929941556882112915e-04
-8.049412918626331183e-04
-1.331562243285588996e-04
-2.977875797660090051e-04
-3.819172328803688071e-04
-9.846757561899721449e-04
-3.094205661909654520e-04
-3.272950545942876575e-04
-8.385125885251909538e-04
-3.441613900940865365e-04
-5.064801085973158349e-04
-5.356006152578630030e-04
-5.475224234396591436e-04
-4.072312061907723329e-04
-9.034264113870449061e-04
-8.221741160377859939e-04
-6.548332539387047638e-04
-3.222976342658512468e-04
-6.221106970770052137e-04
-5.721892772999125987e-04
-3.725707618286833275e-04
-3.714502020739018852e-04
-7.910051624639891001e-04
-2.250053873285651272e-04
-3.390128984756301850e-04
-2.617382351309060855e-04
-3.467214989359490638e-04
-8.941465470707044526e-04
-4.545505250280257379e-04
-4.049332358408719041e-04
-3.557853598613292217e-04
-5.038234009407460212e-04
-4.065058392006903692e-04
-1.986602411489002450e-04
-3.109670065168756818e-04
-4.459134509670548076e-04
-1.588250459462870021e-04
-3.198092940147034802e-04
-5.717110156547278686e-04
-2.688971375755500027e-04
-5.762499519914854578e-04
-5.068404329358600600e-04
-4.134251966024748938e-04
-4.145518652512692154e-04
-3.271435044007376032e-04
-7.895332583575509879e-04
-3.232543510966934177e-04
-2.901505434419959719e-04
-5.004277624539099157e-04
-6.669817803776822637e-04
-3.800876287277788054e-04
-5.850070517044513941e-04
-5.616534460568800829e-04
-2.401621056196745550e-04
-3.348598891170695337e-04
-6.662897989735939129e-04
-3.261921733792405402e-04
-2.009256543533410888e-04
-4.041454335674643343e-04
-6.877202179748565436e-04
-4.050822918361518380e-04
-5.186854006024077578e-04
-6.200056016677991033e-04
-8.801677670271601615e-04
-5.132897358271293689e-04
-5.813025354291312743e-04
-8.361533014976885387e-04
-5.399755705730057732e-04
-6.847344597917981619e-04
-6.444259668205631810e-04
-5.333351166336797265e-04
-6.443671733723021567e-04
-8.383957241312600802e-04
-6.361855914292391823e-04
-6.586202979087829893e-04
-5.724657149403356406e-04
-5.293462448753416668e-04
-7.193245703820138909e-04
-5.338649445911869493e-04
-1.130471364886034228e-03
-4.538933630101382516e-04
-9.330286143813281731e-04
-8.433070444152690514e-04
-7.065150231937878268e-04
-4.121090096305124462e-04
-8.222646336071193131e-04
-5.629976349882781896e-04
-4.625333938747644126e-05
-5.272832250921055718e-04
-7.729745932738296427e-04
-3.498373224283568323e-04
-4.565562345669604708e-04
-9.080940927378833684e-04
-4.030013923329533966e-04
-4.503117158310487931e-04
-5.133605105220339672e-04
-4.791966461925767536e-04
-4.651610137079842519e-04
-1.036912140261847488e-04
-4.043812342570163353e-04
-8.047592171351424916e-04
-7.409354981791693240e-04
-6.200514631927944937e-04
-5.182177442475221878e-04
-4.858428437728434801e-04
-7.037147917435504193e-04
-5.883865465875715234e-04
-2.187664687517099050e-04
-2.847038593608885765e-04
-6.301127088954672304e-04
-7.601732009788975336e-04
-2.433279230899643261e-04
-4.499331873375922333e-04
-3.841661088517867094e-04
-3.257963847136124708e-04
-5.137361906236038046e-04
-5.538774319575167759e-04
-6.741654506186023355e-04
-7.272848524735309184e-04
-5.605313592241146104e-04
-7.239357271464541468e-04
-7.231898719328455367e-04
-3.341426819679327548e-04
-5.509218355291522736e-04
-7.279152760747820529e-04
-5.436047731200233449e-04
-4.855873485212214291e-04
-5.554028376354836318e-04
-2.415738991112448199e-04
-3.825094859348609870e-04
-5.013406107900663863e-04
-8.057220824412069998e-04
-8.020440759719349270e-04
-2.152895065955817732e-04
-2.612515349755995149e-04
-5.673649939126335084e-04
-6.639609445119276599e-04
-3.828563113347627071e-04
-6.386091350577771881e-04
-7.828498759772629066e-04
-5.110853331279940383e-04
-3.345773545152042126e-04
5.613993009319529100e-05
-2.417392762436065866e-04
-2.791364898439496691e-04
-4.684754181653261402e-04
-6.532162649091333411e-04
-2.935889481159392831e-04
-7.522157934727147048e-04
-4.373133275657892097e-04
-5.331605477840639564e-04
-5.555180914234370340e-04
-5.220396819640882487e-04
-4.259993378946091958e-04
-5.069091657060198096e-04
-5.326098707155324128e-04
-7.632184526300989525e-04
-6.805840459128375793e-04
-4.947227053344249378e-04
-6.011478905566036224e-04
-9.128976883948780726e-04
-5.019666568841785192e-04
-5.211915218387729899e-04
-6.209227838553487821e-04
-6.334785229410044459e-04
-8.170298946788535042e-04
-3.436809038976207224e-04
-4.004732056637294677e-04
