-9.899014550447463590e-01
-9.895055490732193038e-01
-9.901576155424117731e-01
-9.896062332391738492e-01
-9.898314982652663963e-01
-9.895206236839294567e-01
-9.892421859502792403e-01
-9.898097902536392434e-01
-9.898821824789046930e-01
-9.896030390262603449e-01
-9.896279519796371549e-01
-9.897822231054306252e-01
-9.895545554161071511e-01
-9.896918839216232167e-01
-9.891978007555007890e-01
-9.894230741262436402e-01
-9.897124886512755904e-01
-9.899744391441345215e-01
-9.890665811300277666e-01
-9.892487871646881148e-01
-9.890915662050246970e-01
-9.897615444660187167e-01
-9.898421561717987149e-01
-9.900137370824814154e-01
-9.894119620323180708e-01
-9.892319047451019198e-01
-9.895564681291579845e-01
-9.896902245283126787e-01
-9.894199931621551203e-01
-9.901846379041672197e-01
-9.901448988914489657e-01
-9.895369428396224576e-01
-9.899863624572753373e-01
-9.896000885963439631e-01
-9.892678862810134754e-01
-9.891187459230422752e-01
-9.891512560844420987e-01
-9.891291970014571833e-01
-9.894738346338272095e-01
-9.892624908685684337e-01
-9.900618535280227839e-01
-9.899023175239562988e-01
-9.891424840688705089e-01
-9.893840140104294134e-01
-9.898781979084014804e-01
-9.896424567699432240e-01
-9.898694086074829590e-01
-9.895870929956436246e-01
-9.895179688930511031e-01
-9.896714061498641524e-01
-9.892395347356796043e-01
-9.892004978656768754e-01
-9.897361749410629184e-01
-9.897115778923034624e-01
-9.900799822807312411e-01
-9.898773229122161954e-01
-9.895025020837784346e-01
-9.899605870246886985e-01
-9.899183398485184027e-01
-9.894842123985290172e-01
-9.900870329141616688e-01
-9.894431370496750144e-01
-9.894912195205688432e-01
-9.895890486240387363e-01
-9.892355549335479781e-01
-9.893898749351501820e-01
-9.899075150489806685e-01
-9.895272338390350697e-01
-9.892967140674591153e-01
-9.898216718435287609e-01
-9.895939260721207109e-01
-9.893266367912292303e-01
-9.896689426898955810e-01
-9.897301137447357400e-01
-9.897735750675201727e-01
-9.901793777942657915e-01
-9.898290914297104282e-01
-9.898678588867187988e-01
-9.901804000139236006e-01
-9.896837389469146373e-01
-9.894871520996093572e-01
-9.900294846296310292e-01
-9.900173914432525146e-01
-9.894899737834930153e-01
-9.900105816125869262e-01
-9.897980010509490612e-01
-9.898786288499832331e-01
-9.896891587972640458e-01
-9.899968254566192671e-01
-9.894193351268768533e-01
-9.894838094711303489e-01
-9.896031266450882047e-01
-9.894620615243912010e-01
-9.898502373695373668e-01
-9.899281442165375200e-01
-9.898800855875015126e-01
-9.900646609067916826e-01
-9.901524376869201838e-01
-9.896335303783416748e-01
-9.901111316680908381e-01
-9.902017420530319081e-01
-9.901461863517760920e-01
-9.901646739244460704e-01
-9.899363994598389116e-01
-9.897843557596206487e-01
-9.902617907524109420e-01
-9.900132220983505205e-01
-9.899070751667022883e-01
-9.900571709871291981e-01
-9.901036441326140913e-01
-9.899782705307006436e-01
-9.903231978416442427e-01
-9.904610711336135909e-01
-9.899925255775451349e-01
-9.901162439584731967e-01
-9.899343115091323586e-01
-9.900575119256973533e-01
-9.899065214395522672e-01
-9.900715762376784967e-01
-9.901316058635711848e-01
-9.900444376468658936e-01
-9.900971108675002963e-01
-9.900557547807693481e-01
-9.900830316543579590e-01
-9.899248087406158358e-01
-9.902535921335220426e-01
-9.899408191442489180e-01
-9.898507708311080622e-01
-9.900958460569381225e-01
-9.900810414552688732e-01
-9.895671600103378429e-01
-9.898769521713256525e-01
-9.900134891271591409e-01
-9.897195255756378041e-01
-9.900895625352859053e-01
-9.899376153945922407e-01
-9.900343573093414173e-01
-9.898957192897797075e-01
-9.900204151868819968e-01
-9.898235917091369185e-01
-9.902469825744628640e-01
-9.898816657066344948e-01
-9.896994924545288175e-01
-9.896494913101195889e-01
-9.893428015708923828e-01
-9.893444389104842918e-01
-9.900003045797347578e-01
-9.899759984016418546e-01
-9.897853285074234009e-01
-9.892158448696136697e-01
-9.895642173290252197e-01
-9.895821082592010098e-01
-9.896914213895797729e-01
-9.896675330400467319e-01
-9.895538663864136275e-01
-9.896515417098998846e-01
-9.896549725532531872e-01
-9.898994511365890592e-01
-9.898699337244033503e-01
-9.896443843841552512e-01
-9.896024888753891524e-01
-9.895756012201308849e-01
-9.900247842073440774e-01
-9.897263848781585605e-01
-9.896537524461745949e-01
-9.897206163406372381e-01
-9.895939397811889249e-01
-9.899875843524932328e-01
-9.898763698339462236e-01
-9.895747685432434437e-01
-9.896465486288070768e-01
-9.898487800359725419e-01
-9.901732128858565796e-01
-9.900684207677841187e-01
-9.898466509580612360e-01
-9.897857493162155462e-01
-9.893581026792526156e-01
-9.897160226106643810e-01
-9.895388484001159668e-01
-9.892879241704940485e-01
-9.893775063753128540e-01
-9.899099123477935747e-01
-9.902423691749572265e-01
-9.898090767860412420e-01
-9.899713027477264893e-01
-9.900320452451706332e-01
-9.897026705741882591e-01
-9.897630792856216830e-01
-9.898801416158675703e-01
-9.897578191757202548e-01
-9.898726928234100608e-01
-9.896784991025924239e-01
-9.900497311353683161e-01
-9.902087432146072787e-01
-9.901263123750686512e-01
-9.899040287733078536e-01
-9.903894537687301103e-01
-9.896330606937407959e-01
-9.899421483278274536e-01
-9.901088148355483565e-01
-9.902894008159637274e-01
-9.898317581415176925e-01
-9.899314749240875067e-01
-9.898981744050979747e-01
-9.901072257757186357e-01
-9.897548103332519664e-01
-9.896389627456665394e-01
-9.893433630466461626e-01
-9.899141013622283491e-01
-9.899151533842086570e-01
-9.901739853620529219e-01
-9.900069016218185913e-01
-9.901256453990936457e-01
-9.899848616123199108e-01
-9.898772829771042003e-01
-9.898149049282074508e-01
-9.898679083585739669e-01
-9.899614888429641990e-01
-9.900277024507522228e-01
-9.893169468641280773e-01
-9.899709296226500976e-01
-9.898930364847182695e-01
-9.898957717418670477e-01
-9.896895098686218084e-01
-9.898250478506088745e-01
-9.899012970924377930e-01
-9.901878643035888494e-01
-9.895607739686965720e-01
-9.896012008190154807e-01
-9.899219042062759044e-01
-9.898794203996658103e-01
-9.896674907207488880e-01
-9.896338146924972268e-01
-9.898033285140991344e-01
-9.898788779973983765e-01
-9.901423281431198653e-01
-9.900134736299515126e-01
-9.900083470344543946e-01
-9.896057289838791071e-01
-9.899404770135880050e-01
-9.899168670177459495e-01
-9.898424392938613980e-01
-9.901985025405883878e-01
-9.897607588768004838e-01
-9.896322906017303023e-01
-9.893708938360213923e-01
-9.893749535083771196e-01
-9.897575247287749844e-01
-9.899383115768433106e-01
-9.898777621984481412e-01
-9.901701790094376010e-01
-9.898877823352814076e-01
-9.896790111064910356e-01
-9.896283495426178023e-01
-9.899805617332458896e-01
-9.899752223491669056e-01
-9.901278048753738847e-01
-9.899445807933807684e-01
-9.899467051029204878e-01
-9.895229977369308649e-01
-9.895454186201095848e-01
-9.890913820266723500e-01
-9.896729934215545699e-01
-9.896651536226273027e-01
-9.896396493911743253e-01
-9.895636540651321367e-01
-9.895346379280089977e-01
-9.897913128137588723e-01
-9.894866591691970914e-01
-9.895266985893249601e-01
-9.898402726650238348e-01
-9.896954661607741954e-01
-9.896283715963363203e-01
-9.895122975111008135e-01
-9.900363087654113770e-01
-9.902315372228622792e-01
-9.898061323165893155e-01
-9.897392541170120239e-01
-9.899925428628921775e-01
-9.899870097637176736e-01
-9.899885046482086448e-01
-9.900232386589050693e-01
-9.900179225206374722e-01
-9.898715603351593284e-01
-9.898603248596191673e-01
-9.896725517511367753e-01
-9.901183152198791415e-01
-9.897713565826415927e-01
-9.899204456806183217e-01
-9.898775190114974531e-01
-9.896208417415618408e-01
-9.896685963869095159e-01
-9.896622043848037897e-01
-9.901300877332687156e-01
-9.899577075242995683e-01
-9.900032079219818204e-01
-9.895871937274932639e-01
-9.902175509929657116e-01
-9.901042890548705788e-01
-9.901620942354202315e-01
-9.900381976366042780e-01
-9.899627995491028232e-01
-9.898105782270431030e-01
-9.901199436187744229e-01
-9.900545632839202748e-01
-9.900833171606063798e-01
-9.896499097347259966e-01
-9.899186950922012063e-01
-9.905364507436752453e-01
-9.900074034929275957e-01
-9.896929126977920266e-01
-9.899866718053818015e-01
-9.903652536869048673e-01
-9.903936934471130327e-01
-9.898137754201888905e-01
-9.901624941825866166e-01
-9.901320368051529375e-01
-9.900642639398574696e-01
-9.900868368148804111e-01
-9.896998316049575584e-01
-9.901178532838821322e-01
-9.900097835063934593e-01
-9.901143556833267301e-01
-9.896586120128632036e-01
-9.903084671497345282e-01
-9.902067875862121671e-01
-9.901648259162902921e-01
-9.901369303464889748e-01
-9.895071280002594172e-01
-9.899511748552322077e-01
-9.899554741382599055e-01
-9.899825251102447599e-01
-9.902027344703674405e-01
-9.902629894018173395e-01
-9.901161569356918823e-01
-9.901284199953078735e-01
-9.898747354745864868e-01
-9.901787430047989114e-01
-9.901532703638076249e-01
-9.900657427310943781e-01
-9.899040865898132147e-01
-9.899344438314437999e-01
-9.897968858480453713e-01
-9.897830551862716320e-01
-9.904262709617615013e-01
-9.903135663270949962e-01
-9.898599588871002108e-01
-9.903150856494903342e-01
-9.902308821678161843e-01
-9.899998331069945756e-01
-9.900525140762329590e-01
-9.900917649269104226e-01
-9.903530710935593007e-01
-9.901797729730605901e-01
-9.904890161752700761e-01
-9.903403931856155085e-01
-9.902461075782775790e-01
-9.901291787624358909e-01
-9.902783125638962014e-01
-9.904613673686981645e-01
-9.901473462581634744e-01
-9.901394760608672740e-01
-9.907175832986832020e-01
-9.901847314834594238e-01
-9.901049327850341975e-01
-9.900308018922805431e-01
-9.900911897420883179e-01
-9.902734559774398759e-01
-9.904109680652618541e-01
-9.902748602628708152e-01
-9.904237133264541804e-01
-9.900937551259993974e-01
-9.902525687217712536e-01
-9.904271143674850952e-01
-9.904142266511917203e-01
-9.902014791965484397e-01
-9.903306949138641624e-01
-9.903365278244018466e-01
-9.900150048732757613e-01
-9.898637861013412920e-01
-9.903719359636307118e-01
-9.903044635057449696e-01
-9.901666837930679366e-01
-9.901793915033340054e-01
-9.902245962619781183e-01
-9.900458484888077226e-01
-9.900791668891906205e-01
-9.900251114368439076e-01
-9.898651242256164551e-01
-9.898849731683730946e-01
-9.898736840486526134e-01
-9.896665787696838912e-01
-9.898577088117599398e-01
-9.892026150226592707e-01
-9.899521958827972590e-01
-9.901233172416686878e-01
-9.901277959346771462e-01
-9.898671120405196922e-01
-9.900305145978927079e-01
-9.899385565519333019e-01
-9.899405050277709783e-01
-9.902961707115173207e-01
-9.900876301527022916e-01
-9.900786429643630981e-01
-9.903411227464675726e-01
-9.900947320461273016e-01
-9.900130921602249279e-01
-9.902279204130173262e-01
-9.903136348724365101e-01
-9.898975938558578491e-01
-9.901417660713195401e-01
-9.899514180421828957e-01
-9.903620535135269076e-01
-9.903969907760620250e-01
-9.898976302146911266e-01
-9.899916142225265725e-01
-9.900231939554214877e-01
-9.897186130285262617e-01
-9.907190233469009844e-01
-9.902581125497817993e-01
-9.900887614488601551e-01
-9.901568222045898926e-01
-9.901443535089492487e-01
-9.903525519371032537e-01
-9.901896524429321111e-01
-9.903397965431213201e-01
-9.902282804250717163e-01
-9.902870810031890736e-01
-9.902350187301636186e-01
-9.902010172605514304e-01
-9.897266089916229026e-01
-9.899449229240417925e-01
-9.899289649724960505e-01
-9.902833718061446744e-01
-9.901893228292465432e-01
-9.902946883440018055e-01
-9.900600361824035689e-01
-9.901809966564179000e-01
-9.901907241344451993e-01
-9.899981611967086925e-01
-9.903569787740706953e-01
-9.905271065235138339e-01
-9.904993802309036699e-01
-9.899700105190276656e-01
-9.900868386030197144e-01
-9.900244629383087025e-01
-9.900894188880919877e-01
-9.900081151723861828e-01
-9.900661981105804976e-01
-9.898860019445419045e-01
-9.898195075988769354e-01
-9.902095228433609453e-01
-9.900650250911712247e-01
-9.902680808305740490e-01
-9.908494949340820312e-01
-9.905181980133056507e-01
-9.903869450092315230e-01
-9.901451671123504550e-01
-9.900899809598923129e-01
-9.902282965183257790e-01
-9.904555016756058095e-01
-9.902168798446655540e-01
-9.902029603719710860e-01
-9.900576269626617520e-01
-9.897560596466064009e-01
-9.900066894292831599e-01
-9.893836563825607611e-01
-9.898185032606124922e-01
-9.899212038516997936e-01
-9.895496529340743752e-01
-9.894951331615448042e-01
-9.898581445217132790e-01
-9.900766432285308394e-01
-9.902091699838638794e-01
-9.898704576492309837e-01
-9.901609784364699962e-01
-9.901002675294876543e-01
-9.899211889505385997e-01
-9.902996885776519376e-01
-9.902200555801391468e-01
-9.902954530715942782e-01
-9.900903135538101640e-01
-9.900641059875487926e-01
-9.904568564891814697e-01
-9.903530836105346458e-01
-9.903924113512039273e-01
-9.900340688228607133e-01
-9.903764456510544267e-01
-9.905069804191589666e-01
-9.902482295036315607e-01
-9.904836338758468139e-01
-9.902130770683288397e-01
-9.899653506278991433e-01
-9.900183725357055708e-01
-9.902885192632675526e-01
-9.899410814046859519e-01
-9.904913645982742487e-01
-9.903162616491317793e-01
-9.903261369466781483e-01
-9.901573956012725830e-01
-9.904836803674698098e-01
-9.905095660686492609e-01
-9.904803556203841675e-01
-9.901920729875564042e-01
-9.898213189840316950e-01
-9.902556812763214644e-01
-9.901729100942611161e-01
-9.903282099962233964e-01
-9.903056555986404774e-01
-9.902593708038329723e-01
-9.903269726037978726e-01
-9.903363627195358454e-01
-9.903722763061523215e-01
-9.900976359844207986e-01
-9.899009644985199419e-01
-9.899111604690551403e-01
-9.898179048299788896e-01
-9.899009090662002075e-01
-9.897661221027374001e-01
-9.899689573049544888e-01
-9.895268088579177723e-01
-9.896894723176956621e-01
-9.897101283073425071e-01
-9.901842695474624145e-01
-9.900303059816359941e-01
-9.901800209283828647e-01
-9.897506028413772805e-01
-9.901409244537353604e-01
-9.900028252601623668e-01
-9.901474267244338989e-01
-9.900972837209701671e-01
-9.903538787364959406e-01
-9.903079777956008689e-01
-9.899265336990356046e-01
-9.904204791784286810e-01
-9.899178951978683250e-01
-9.903951251506805109e-01
-9.903712314367294489e-01
-9.900079733133315685e-01
-9.902080613374709683e-01
-9.903186637163162720e-01
-9.904637932777404785e-01
-9.902732002735138428e-01
-9.904515177011490312e-01
-9.906549471616744595e-01
-9.906147956848144753e-01
-9.903298872709274114e-01
-9.903893077373504550e-01
-9.905820912122726973e-01
-9.901738798618316961e-01
-9.901045775413512828e-01
-9.901881051063537997e-01
-9.902680253982544256e-01
-9.902530449628830223e-01
-9.905031150579453048e-01
-9.903882002830505238e-01
-9.905447381734847623e-01
-9.904505723714828180e-01
-9.899709057807922763e-01
-9.896834218502044145e-01
-9.896544182300567316e-01
-9.895162308216094438e-01
-9.898187559843063532e-01
-9.900799036026001199e-01
-9.902407950162888106e-01
-9.904781961441040394e-01
-9.905218929052352905e-01
-9.903643769025802790e-01
-9.900832766294479503e-01
-9.905532115697860407e-01
-9.898887884616851540e-01
-9.898719912767410811e-01
-9.902854847908020286e-01
-9.900392961502074707e-01
-9.903722083568573531e-01
-9.902694958448410301e-01
-9.901834923028945967e-01
-9.899012273550034102e-01
-9.902885645627975686e-01
-9.901489591598511275e-01
-9.901130062341689797e-01
-9.900599646568298828e-01
-9.902409219741821200e-01
-9.902341312170028775e-01
-9.901344335079192982e-01
-9.903515523672103971e-01
-9.899357908964157016e-01
-9.902691572904587236e-01
-9.902730548381805109e-01
-9.903743076324462713e-01
-9.900025689601897882e-01
-9.900708627700806064e-01
-9.897773683071136031e-01
-9.899907612800598056e-01
-9.899017113447189375e-01
-9.901006120443344161e-01
-9.904056560993194092e-01
-9.900151258707046154e-01
-9.899038338661193537e-01
-9.898009294271469249e-01
-9.898667031526565685e-01
-9.898973846435547008e-01
-9.899665564298629761e-01
-9.897564822435378495e-01
-9.898404830694198520e-01
-9.890977185964584528e-01
-9.894287222623825429e-01
-9.900675779581069591e-01
-9.896981877088546486e-01
-9.902337092161178633e-01
-9.902747136354446145e-01
-9.899725091457366455e-01
-9.901785731315613237e-01
-9.900792318582535279e-01
-9.898205882310867620e-01
-9.900856518745422274e-01
-9.899942457675934282e-01
-9.901028466224670588e-01
-9.900524151325226230e-01
-9.901621007919311213e-01
-9.904292768239975064e-01
-9.903336507081985651e-01
-9.902650129795074196e-01
-9.902232140302658081e-01
-9.900601303577423185e-01
-9.902671706676483554e-01
-9.901340663433074729e-01
-9.903777575492859198e-01
-9.902106887102126720e-01
-9.904879242181777732e-01
-9.902089911699295532e-01
-9.902526718378067416e-01
-9.902172482013702481e-01
-9.899531078338622558e-01
-9.901728826761245772e-01
-9.894130885601043479e-01
-9.899955463409423340e-01
-9.896752774715423806e-01
-9.892362082004546586e-01
-9.898802751302718805e-01
-9.895406657457351818e-01
-9.899060595035552579e-01
-9.898521029949187700e-01
-9.901619935035705922e-01
-9.904317313432693393e-01
-9.902072876691818681e-01
-9.903828501701354980e-01
-9.899419867992400590e-01
-9.900054740905761541e-01
-9.903819161653518721e-01
-9.899418544769287287e-01
-9.897560131549835161e-01
-9.904268145561218040e-01
-9.903641158342361139e-01
-9.901994448900223178e-01
-9.900821739435196056e-01
-9.903166395425796464e-01
-9.904101747274398626e-01
-9.899874526262283370e-01
-9.902292501926421853e-01
-9.902678781747817904e-01
-9.900990158319473711e-01
-9.903806215524673107e-01
-9.906811320781707675e-01
-9.902649867534637496e-01
-9.904327571392059770e-01
-9.903508472442626998e-01
-9.903840684890746759e-01
-9.902473723888397528e-01
-9.901270794868469727e-01
-9.901850569248199507e-01
-9.900917452573776423e-01
-9.901197308301925570e-01
-9.902870845794677912e-01
-9.903748750686645064e-01
-9.904138237237930520e-01
-9.903387826681137041e-01
-9.899735915660857755e-01
-9.898733139038086160e-01
-9.896444302797317016e-01
-9.899724930524825828e-01
-9.895438104867935181e-01
-9.898974168300628262e-01
-9.902136242389678600e-01
-9.899083858728409124e-01
-9.904084932804108066e-01
-9.899486953020095736e-01
-9.903037935495376809e-01
-9.904657691717148049e-01
-9.899209511280059326e-01
-9.903882479667663885e-01
-9.900079721212386996e-01
-9.901743155717849243e-01
-9.901409435272217063e-01
-9.899555808305740001e-01
-9.902230083942413774e-01
-9.902284884452819957e-01
-9.899295753240585638e-01
-9.904499834775924993e-01
-9.901380574703216864e-01
-9.903035509586334273e-01
-9.904545211791991877e-01
-9.896981608867645441e-01
-9.903772932291030617e-01
-9.900368648767471358e-01
-9.898783361911773770e-01
-9.903242415189743575e-01
-9.897965848445892112e-01
-9.898715108633041604e-01
-9.901781576871871993e-01
-9.896291470527649459e-01
-9.900890684127807706e-01
-9.901830965280532526e-01
-9.904079371690750477e-01
-9.903756880760192782e-01
-9.904164183139800848e-01
-9.905329281091690419e-01
-9.906417340040206687e-01
-9.902251815795898304e-01
-9.904127275943755970e-01
-9.905925297737121493e-01
-9.904834854602814209e-01
-9.903871744871139970e-01
-9.902757340669632313e-01
-9.901114606857299716e-01
-9.904144912958144920e-01
-9.899788779020309848e-01
-9.899678510427475375e-01
-9.901942723989486383e-01
-9.901267492771148593e-01
-9.901388376951217873e-01
-9.905634671449661255e-01
-9.902086657285690263e-01
-9.900994992256164640e-01
-9.901259732246399103e-01
-9.902868098020554122e-01
-9.901111608743667913e-01
-9.898272031545638505e-01
-9.901183748245239169e-01
-9.903733170032501532e-01
-9.902603757381439609e-01
-9.900352764129638494e-01
-9.903060281276703236e-01
-9.902216321229935225e-01
-9.899172067642212358e-01
-9.897600388526917037e-01
-9.898763012886047097e-01
-9.901241999864578425e-01
-9.900370699167251320e-01
-9.900131320953369229e-01
-9.903295475244522361e-01
-9.904616945981978837e-01
-9.905591380596160400e-01
-9.903974205255507979e-01
-9.899301117658615423e-01
-9.908258676528930442e-01
-9.903595674037933838e-01
-9.901741200685501010e-01
-9.900653654336929455e-01
-9.899433791637420876e-01
-9.902293860912323442e-01
-9.905691266059875044e-01
-9.900739842653274447e-01
-9.901902306079864990e-01
-9.901475846767425759e-01
-9.904095798730849776e-01
-9.903117793798447144e-01
-9.901769429445266280e-01
-9.903998649120331343e-01
-9.898518782854079934e-01
-9.900508010387421010e-01
-9.905960303544998347e-01
-9.901059943437576782e-01
-9.904044252634048862e-01
-9.901230049133300515e-01
-9.899962091445922985e-01
-9.900742763280868664e-01
-9.907603186368941772e-01
-9.904232949018478838e-01
-9.903223824501037331e-01
-9.899153864383697377e-01
-9.900769859552382979e-01
-9.902257543802260864e-01
-9.895497584342956010e-01
-9.901271939277649370e-01
-9.903688693046569513e-01
-9.902064585685730336e-01
-9.903397321701049583e-01
-9.901069027185439575e-01
-9.900188690423965543e-01
-9.898869848251342640e-01
-9.901027423143387018e-01
-9.906239944696426658e-01
-9.901531541347503573e-01
-9.901416677236557495e-01
-9.900944787263870062e-01
-9.902103614807128418e-01
-9.905292397737502919e-01
-9.904211920499801369e-01
-9.901299715042114480e-01
-9.899124598503112882e-01
-9.902620714902877763e-01
-9.900359416007995517e-01
-9.903546100854874190e-01
-9.895307379961013616e-01
-9.900632423162459839e-01
-9.902160692214966309e-01
-9.903225749731063843e-01
-9.899707138538360596e-01
-9.900118064880371049e-01
-9.900965386629104747e-01
-9.900413978099823487e-01
-9.898870527744293435e-01
-9.898865365982055797e-01
-9.898864930868148670e-01
-9.903037786483764870e-01
-9.901117616891861317e-01
-9.902534747123717951e-01
-9.903358542919158403e-01
-9.904057711362839189e-01
-9.902173858880997104e-01
-9.900308632850647328e-01
-9.903316420316695678e-01
-9.902088415622710693e-01
-9.899285840988159002e-01
-9.906532192230224076e-01
-9.906148952245712458e-01
-9.904927265644073442e-01
-9.906393361091613281e-01
-9.900523525476455644e-01
-9.901918184757232400e-01
-9.902530801296234308e-01
-9.896551829576492043e-01
-9.899855566024780007e-01
-9.904140412807465044e-01
-9.904376512765884488e-01
-9.903176039457320945e-01
-9.905593347549438432e-01
-9.900340384244918912e-01
-9.901579630374908181e-01
-9.910047256946563632e-01
-9.906290656328201605e-01
-9.901709985733032626e-01
-9.902326339483260575e-01
-9.902721202373504505e-01
-9.901078766584396895e-01
-9.904543787240982500e-01
-9.904070848226547152e-01
-9.902912157773972046e-01
-9.901112264394760221e-01
-9.901787418127060425e-01
-9.904354095458984819e-01
-9.900338971614837114e-01
-9.901244062185287076e-01
-9.899907493591308949e-01
-9.903251451253890503e-01
-9.902385097742080200e-01
-9.902078706026077315e-01
-9.903771764039993597e-01
-9.903171753883361905e-01
-9.906364512443542880e-01
-9.902780991792679011e-01
-9.903874999284744129e-01
-9.902087187767029119e-01
-9.903857916593551414e-01
-9.904212677478789750e-01
-9.904308497905731645e-01
-9.902919143438339011e-01
-9.906643265485763905e-01
-9.905077975988387795e-01
-9.906832212209701893e-01
-9.898197454214096025e-01
-9.905973744392394531e-01
-9.900219327211380316e-01
-9.904643219709395874e-01
-9.902813255786895308e-01
-9.905544829368591042e-01
-9.904729163646698309e-01
-9.904788535833358720e-01
-9.903084558248519409e-01
-9.902782881259918346e-01
-9.902783912420273227e-01
-9.904815518856048273e-01
-9.903673595190047863e-01
-9.903133863210678012e-01
-9.905855733156204712e-01
-9.902180349826812389e-01
-9.904501670598984120e-01
-9.904698342084884422e-01
-9.902556222677231235e-01
-9.902812618017197144e-01
-9.904180228710174339e-01
-9.902343046665191828e-01
-9.904666972160339755e-01
-9.901990228891373036e-01
-9.901883172988891202e-01
-9.902563691139221191e-01
-9.902806335687637240e-01
-9.904374247789382579e-01
-9.907752096652984175e-01
-9.907246905565262329e-01
-9.905508446693420677e-01
-9.902984750270843461e-01
-9.900498062372207198e-01
-9.905320525169372115e-01
-9.900723189115524514e-01
-9.899360615015030396e-01
-9.903569054603577060e-01
-9.904512840509415161e-01
-9.901328396797179909e-01
-9.901507884263992532e-01
-9.905146318674087347e-01
-9.901352465152740701e-01
-9.897823202610015469e-01
-9.896018528938292924e-01
-9.902533233165741189e-01
-9.900694060325622159e-01
-9.904611897468567072e-01
-9.898862767219543946e-01
-9.899969667196273360e-01
-9.899925279617309837e-01
-9.901034915447235463e-01
-9.897313320636749179e-01
-9.902863252162933394e-01
-9.903992384672164473e-01
-9.901872014999389959e-01
-9.899604332447051735e-01
-9.901976066827774536e-01
-9.899623733758926569e-01
-9.900539749860763905e-01
-9.906260782480239557e-01
-9.901311624050140869e-01
-9.905085122585296498e-01
-9.898745548725128574e-01
-9.900126123428344416e-01
-9.903483581542968928e-01
-9.899880033731460749e-01
-9.902501630783081543e-01
-9.902125549316406206e-01
-9.901886498928069713e-01
-9.904452419281005726e-01
-9.903056895732880172e-01
-9.904998302459716575e-01
-9.901793408393859686e-01
-9.904298222064972235e-01
-9.904749733209610163e-01
-9.900516051054001343e-01
-9.901116538047790572e-01
-9.900079810619354381e-01
-9.901533430814742909e-01
-9.905283892154693737e-01
-9.903342550992966231e-01
-9.905659502744674771e-01
-9.904595810174942061e-01
-9.904015082120894986e-01
-9.901479911804199618e-01
-9.900001442432403431e-01
-9.898128169775008978e-01
-9.901484102010726929e-01
-9.899937188625336226e-01
-9.903591716289520397e-01
-9.898221296072006181e-01
-9.897298830747603970e-01
-9.903381645679474321e-01
-9.900307345390320091e-01
-9.903694236278534069e-01
-9.903971642255783303e-01
-9.903212606906890425e-01
-9.903339636325836359e-01
-9.905675679445267168e-01
-9.902624577283859475e-01
-9.901973241567612050e-01
-9.902401906251907526e-01
-9.901311880350113226e-01
-9.902518439292907759e-01
-9.897073239088058916e-01
-9.900677782297134799e-01
-9.900664192438125566e-01
-9.903365445137023437e-01
-9.904782110452652333e-01
-9.906807780265808328e-01
-9.899070793390274403e-01
-9.899539482593536777e-01
-9.903469431400299117e-01
-9.899446004629135487e-01
-9.903837990760803178e-01
-9.903610569238662231e-01
-9.906601393222809193e-01
-9.906703215837479037e-01
-9.903844046592712447e-01
-9.905629408359527543e-01
-9.902419275045395430e-01
-9.899338608980179366e-01
-9.904687988758087425e-01
-9.901633149385452581e-01
-9.901709020137786643e-01
-9.904821658134460582e-01
-9.900712776184081854e-01
-9.902573758363724110e-01
-9.901395839452743486e-01
-9.903396070003509521e-01
-9.899381929636001942e-01
-9.904993081092834384e-01
-9.904382073879242077e-01
-9.901735806465148393e-01
-9.904024034738541094e-01
-9.903403341770171675e-01
-9.901800608634948597e-01
-9.900293457508086981e-01
-9.901156902313232866e-01
-9.901575350761413485e-01
-9.901360952854156849e-01
-9.906730222702025968e-01
-9.904330509901047019e-01
-9.901289057731628152e-01
-9.900367486476898682e-01
-9.902329862117766890e-01
-9.903142452239990234e-01
-9.902605783939361084e-01
-9.902237153053283780e-01
-9.899768340587615789e-01
-9.898864519596100031e-01
-9.902002924680709528e-01
-9.903525602817535578e-01
-9.901745855808258279e-01
-9.903171092271805254e-01
-9.904368519783020020e-01
-9.904891800880432084e-01
-9.900408238172531128e-01
-9.902064037322998447e-01
-9.903746360540389704e-01
-9.901662456989288597e-01
-9.902612143754958574e-01
-9.900562977790832164e-01
-9.902497106790542070e-01
-9.902845633029937478e-01
-9.901384985446930465e-01
-9.898259526491165472e-01
-9.900655555725097479e-01
-9.902437329292297363e-01
-9.901407623291015314e-01
-9.901327145099639848e-01
-9.902076715230941906e-01
-9.905248755216597978e-01
-9.904625976085662531e-01
-9.902583771944045710e-01
-9.898827832937240334e-01
-9.901179069280624523e-01
-9.898469495773315474e-01
-9.901715677976608010e-01
-9.902421331405639737e-01
-9.898708140850067672e-01
-9.905584806203842074e-01
-9.906522279977798551e-01
-9.900794404745102417e-01
-9.901428955793381004e-01
-9.903894186019897017e-01
-9.899584096670150934e-01
-9.900659102201462280e-01
-9.903686231374740911e-01
-9.901506412029266180e-01
-9.901222276687622337e-01
-9.904529356956481845e-01
-9.902761054039000976e-01
-9.902159011363983465e-01
-9.905155080556869995e-01
-9.901316642761230913e-01
-9.903850591182709051e-01
-9.901320278644561990e-01
-9.903729510307311967e-01
-9.904834711551666615e-01
-9.905435109138488459e-01
-9.903793889284133733e-01
-9.905317223072052091e-01
-9.906070202589034590e-01
-9.906435549259186013e-01
-9.906041502952576128e-01
-9.909420013427734375e-01
-9.904697149991988914e-01
-9.904154247045516835e-01
-9.909670120477676036e-01
-9.903493207693100375e-01
-9.903526687622070668e-01
-9.901557862758636475e-01
-9.903271484375000266e-01
-9.902399843931197765e-01
-9.902634167671203747e-01
-9.904620599746704057e-01
-9.903416371345520330e-01
-9.902992135286331488e-01
-9.900715869665145386e-01
-9.899488455057143810e-01
-9.904419922828674450e-01
-9.907012087106704668e-01
-9.901188904047012462e-01
-9.903053236007690607e-01
-9.903767913579940574e-01
-9.906274974346160889e-01
-9.901542168855667070e-01
-9.898080283403396518e-01
-9.896703827381133634e-01
-9.902229475975036221e-01
-9.900227707624434936e-01
-9.905269277095795077e-01
-9.901232075691223100e-01
-9.904230737686157138e-01
-9.900363749265670421e-01
-9.901753866672515780e-01
-9.903323698043823287e-01
-9.906694173812866655e-01
-9.904301476478576394e-01
-9.903631287813187134e-01
-9.906208211183548107e-01
-9.907696902751922385e-01
-9.903094124794006303e-01
-9.902980929613113270e-01
-9.904742842912673817e-01
-9.899851918220520242e-01
-9.901506525278090942e-01
-9.899393516778945967e-01
-9.896739703416824741e-01
-9.890594452619552168e-01
-9.901064580678939908e-01
-9.895400488376617787e-01
-9.899451494216918723e-01
-9.901689928770065485e-01
-9.903360056877136275e-01
-9.903965651988982932e-01
-9.903120344877243131e-01
-9.902075970172882213e-01
-9.902396702766418368e-01
-9.901651334762573420e-01
-9.901459562778472945e-01
-9.901861608028411643e-01
-9.903259551525116500e-01
-9.903150933980942039e-01
-9.902529573440551625e-01
-9.903984600305557606e-01
-9.904668229818344161e-01
-9.901689934730529830e-01
-9.899715507030486528e-01
-9.905020922422409502e-01
-9.902979445457458230e-01
-9.903068262338637906e-01
-9.900092440843581976e-01
-9.902904993295669200e-01
-9.903807491064071655e-01
-9.901335620880127308e-01
-9.903493547439574662e-01
-9.901547217369079945e-01
-9.904329961538315130e-01
-9.903088921308517145e-01
-9.902938550710678189e-01
-9.902670711278915849e-01
-9.903753274679183427e-01
-9.904523670673370805e-01
-9.902661049365997226e-01
-9.905718106031418113e-01
-9.904552209377288641e-01
-9.904365772008896229e-01
-9.905538064241409257e-01
-9.906275641918181885e-01
-9.904471904039382490e-01
-9.906619596481323065e-01
-9.907605642080307140e-01
-9.903880804777145386e-01
-9.906515526771545455e-01
-9.902980554103851807e-01
-9.900488114356994496e-01
-9.901185262203217041e-01
-9.900852471590042558e-01
-9.902348852157593084e-01
-9.907949411869049205e-01
-9.905953299999237238e-01
-9.907131457328796076e-01
-9.900670009851455511e-01
-9.905649763345718561e-01
-9.903795391321181807e-01
-9.903171020746230901e-01
-9.903405499458313166e-01
-9.907305651903152155e-01
-9.901562798023223477e-01
-9.900405311584472567e-01
-9.897352224588393810e-01
-9.901212751865386963e-01
-9.900996029376983865e-01
-9.901833337545394853e-01
-9.900379115343094227e-01
-9.899997794628143666e-01
-9.907958519458770485e-01
-9.902545660734176636e-01
-9.900416541099548162e-01
-9.905000984668731467e-01
-9.904332667589187400e-01
-9.905937945842743231e-01
-9.903766191005707320e-01
-9.901584303379058483e-01
-9.903428757190704257e-01
-9.905984932184219716e-01
-9.904425525665283558e-01
-9.903728580474853160e-01
-9.899143493175506237e-01
-9.903167146444320501e-01
-9.905364656448364391e-01
-9.905857849121093572e-01
-9.910014832019805597e-01
-9.907616895437240112e-01
-9.907941949367523593e-01
-9.904096037149429099e-01
-9.906628853082657393e-01
-9.904790085554122658e-01
-9.907595199346542758e-01
-9.905086773633956509e-01
-9.903405267000198187e-01
-9.906787586212157937e-01
-9.901721513271332098e-01
-9.896406102180480557e-01
-9.900268816947936923e-01
-9.901974898576736406e-01
-9.900176262855530096e-01
-9.900447416305542259e-01
-9.902619153261185136e-01
-9.902594596147537009e-01
-9.903338408470153675e-01
-9.902941787242889315e-01
-9.904896914958953857e-01
-9.902447497844696356e-01
-9.905247104167937966e-01
-9.902120190858840765e-01
-9.899554175138473022e-01
-9.901968324184418080e-01
-9.905148619413375322e-01
-9.899254757165908414e-01
-9.904209083318710194e-01
-9.905481696128844993e-01
-9.906269246339798329e-01
-9.905769294500350597e-01
-9.906753098964691251e-01
-9.903956413269042747e-01
-9.904618191719055664e-01
-9.902523529529571045e-01
-9.903384697437286333e-01
-9.904553407430648493e-01
-9.903374147415161532e-01
-9.904817408323287609e-01
-9.905383592844009266e-01
-9.905190998315811512e-01
-9.907576978206634744e-01
-9.905431777238845603e-01
-9.903954547643661899e-01
-9.906786680221557617e-01
-9.903720629215240212e-01
-9.903788691759110030e-01
-9.905023449659347001e-01
-9.904894787073135198e-01
-9.901832097768783481e-01
-9.905944508314132868e-01
-9.904947078227996915e-01
-9.906612497568130227e-01
-9.903310906887053955e-01
-9.902071714401244895e-01
-9.898407101631164773e-01
-9.906384664773940640e-01
-9.903007912635802823e-01
-9.905510336160660012e-01
-9.906366604566574363e-01
-9.907438462972640858e-01
-9.903679227828979803e-01
-9.905451452732085826e-01
-9.907805871963500932e-01
-9.902599316835403176e-01
-9.904417467117309082e-01
-9.906073713302612216e-01
-9.904297131299972801e-01
-9.903330910205840887e-01
-9.905255335569381758e-01
-9.906538087129592718e-01
-9.903543436527252330e-01
-9.908468163013458563e-01
-9.900483286380767911e-01
-9.904725670814513716e-01
-9.902975010871887251e-01
-9.900387054681778487e-01
-9.898793441057205378e-01
-9.905039137601852062e-01
-9.901805561780929743e-01
-9.906899785995483265e-01
-9.901935189962387529e-01
-9.902034276723861161e-01
-9.905161458253860518e-01
-9.903296369314193992e-01
-9.903454244136810081e-01
-9.905710268020629927e-01
-9.906502896547317860e-01
-9.911403197050094871e-01
-9.904585456848145064e-01
-9.903739351034164251e-01
-9.907182562351226629e-01
-9.904145681858063099e-01
-9.903479689359664384e-01
-9.905741947889328269e-01
-9.909118545055389804e-01
-9.906534922122954834e-01
-9.900350552797317905e-01
-9.904504483938216808e-01
-9.903271651268005238e-01
-9.899000030755996660e-01
-9.901682162284850541e-01
-9.900407880544662698e-01
-9.902764415740966664e-01
-9.902041119337081643e-01
-9.905116707086563110e-01
-9.903458493947983055e-01
-9.907489365339279264e-01
-9.905564862489700806e-01
-9.905985498428344638e-01
-9.901615643501281427e-01
-9.906114959716796342e-01
-9.907371556758880482e-01
-9.907225042581557783e-01
-9.907553952932357522e-01
-9.902055984735489425e-01
-9.905851155519485030e-01
-9.902222675085067261e-01
-9.907187968492507935e-01
-9.905427902936935203e-01
-9.906587469577788907e-01
-9.906951695680618064e-01
-9.903286206722259344e-01
-9.902454274892806829e-01
-9.902484905719757258e-01
-9.903909832239150557e-01
-9.904368877410888450e-01
-9.901612079143524703e-01
-9.904982817173003662e-01
-9.908219826221466020e-01
-9.906409198045730280e-01
-9.905904024839401467e-01
-9.904721695184707242e-01
-9.904992789030074851e-01
-9.907386052608490035e-01
-9.904895156621933427e-01
-9.902376818656921653e-01
-9.904884022474288452e-01
-9.899479448795318604e-01
-9.907255220413208052e-01
-9.909540015459060713e-01
-9.906666880846023426e-01
-9.908908361196517856e-01
-9.904639613628387629e-01
-9.908155214786529275e-01
-9.906526368856429787e-01
-9.901721113920212147e-01
-9.905302053689957198e-01
-9.901138293743133589e-01
-9.905312484502792891e-01
-9.904308682680129650e-01
-9.903793364763260332e-01
-9.901303613185882257e-01
-9.899239861965178910e-01
-9.902797114849090088e-01
-9.905320298671722590e-01
-9.905784934759139793e-01
-9.902393609285354836e-01
-9.903058397769928245e-01
-9.902969372272490967e-01
-9.901411223411560325e-01
-9.903512990474701017e-01
-9.905367571115494263e-01
-9.903511899709701582e-01
-9.907543760538101152e-01
-9.905456346273422419e-01
-9.901909118890762640e-01
-9.901163148880004483e-01
-9.903254842758179022e-01
-9.903053230047226263e-01
-9.900972253084182606e-01
-9.902751410007476496e-01
-9.908122062683105691e-01
-9.904204213619232089e-01
-9.905986177921295432e-01
-9.905170851945876986e-01
-9.902119028568268089e-01
-9.903304767608642756e-01
-9.905041682720184815e-01
-9.902753567695617987e-01
-9.898434937000274436e-01
-9.901176321506500733e-01
-9.902343577146530684e-01
-9.901145124435424272e-01
-9.902661150693893299e-01
-9.900816118717193914e-01
-9.897540903091430753e-01
-9.901442706584930864e-01
-9.902933377027511863e-01
-9.902600097656250044e-01
-9.900291687250137862e-01
-9.903514420986175848e-01
-9.901968300342559592e-01
-9.906701368093490112e-01
-9.905487829446792958e-01
-9.898762023448943737e-01
-9.903344565629959018e-01
-9.906793659925461348e-01
-9.901510655879974809e-01
-9.905049312114715399e-01
-9.905816972255706565e-01
-9.904231113195419711e-01
-9.902397435903549372e-01
-9.905847805738449141e-01
-9.904136699438095270e-01
-9.897529059648513261e-01
-9.904284918308258190e-01
-9.904687702655792236e-01
-9.903657120466232699e-01
-9.902773994207382247e-01
-9.898340398073196544e-01
-9.903978550434112682e-01
-9.904241913557052523e-01
-9.904144197702408059e-01
-9.903327029943466142e-01
-9.905135166645050449e-01
-9.902601683139801159e-01
-9.902206623554229425e-01
-9.903903436660767001e-01
-9.907681149244308427e-01
-9.908879661560058283e-01
-9.910597556829452426e-01
-9.904745942354202803e-01
-9.906111776828765425e-01
-9.905905407667160434e-01
-9.904531538486480713e-01
-9.903190577030182018e-01
-9.902700436115264848e-01
-9.907902640104293557e-01
-9.904007840156555664e-01
-9.900685203075408891e-01
-9.902807968854904219e-01
-9.900006693601608454e-01
-9.907134419679641812e-01
-9.902784889936446788e-01
-9.902355045080184492e-01
-9.902051401138305398e-01
-9.905068296194076138e-01
-9.904455018043517578e-01
-9.903058207035064786e-01
-9.904574519395827892e-01
-9.904622799158095958e-01
-9.904795825481415017e-01
-9.901926118135452315e-01
-9.902478891611099510e-01
-9.905334544181824130e-01
-9.904382073879242077e-01
-9.900721579790114912e-01
-9.908974164724350109e-01
-9.903113228082657260e-01
-9.907160371541976485e-01
-9.902297145128250433e-01
-9.903837096691131547e-01
-9.900544953346251953e-01
-9.899699932336807340e-01
-9.905903935432434082e-01
-9.904809826612472889e-01
-9.905949628353118985e-01
-9.903593248128891302e-01
-9.899916523694991533e-01
-9.900634723901748924e-01
-9.900551879405975475e-01
-9.901263320446014315e-01
-9.902373915910720470e-01
-9.900934070348739180e-01
-9.903407019376754272e-01
-9.901452320814132513e-01
-9.901993495225905884e-01
-9.902161365747451649e-01
-9.907743901014327559e-01
-9.904193764925003363e-01
-9.905396366119384455e-01
-9.903569102287292925e-01
-9.899723941087722467e-01
-9.897530364990234641e-01
-9.897551918029785512e-01
-9.902033680677413408e-01
-9.900133889913559360e-01
-9.901880949735641924e-01
-9.906453847885131614e-01
-9.908507794141769853e-01
-9.903487348556518910e-01
-9.907945388555526867e-01
-9.907358640432357699e-01
-9.902805161476134765e-01
-9.904316395521164385e-01
-9.902796649932861239e-01
-9.906002449989318448e-01
-9.902402305603027477e-01
-9.898609507083893089e-01
-9.902209287881851285e-01
-9.901773458719254073e-01
-9.902992230653763217e-01
-9.904963415861129938e-01
-9.901993769407272383e-01
-9.903299939632416171e-01
-9.902625912427902577e-01
-9.904821825027465554e-01
-9.908325928449630560e-01
-9.901979988813400801e-01
-9.905646741390228271e-01
-9.905898928642272727e-01
-9.904578852653503906e-01
-9.903098684549331843e-01
-9.906206697225570235e-01
-9.899914813041686967e-01
-9.902871960401534723e-01
-9.901852697134018166e-01
-9.900123429298400834e-01
-9.900409448146819669e-01
-9.902364051342010809e-01
-9.904513806104660034e-01
-9.904237955808639082e-01
-9.902938252687454312e-01
-9.900380420684814498e-01
-9.904574608802795277e-01
-9.898801261186599421e-01
-9.901504158973694070e-01
-9.905472350120544389e-01
-9.903818392753600541e-01
-9.904126816987991466e-01
-9.910709899663925349e-01
-9.905359745025634766e-01
-9.901337528228759677e-01
-9.903918117284774558e-01
-9.905791842937469172e-01
-9.906515038013458119e-01
-9.906703537702560292e-01
-9.901883584260940951e-01
-9.902640110254288253e-01
-9.904250121116637828e-01
-9.907271075248718084e-01
-9.902470666170120062e-01
-9.904777014255523593e-01
-9.906710773706436379e-01
-9.908631420135498580e-01
-9.903618508577346491e-01
-9.905996024608612061e-01
-9.901479166746139926e-01
-9.903615856170654430e-01
-9.902655470371246604e-01
-9.905779981613158647e-01
-9.902237004041671842e-01
-9.903970319032668890e-01
-9.902863574028014648e-01
-9.900457912683486850e-01
-9.901992332935333208e-01
-9.900989431142807051e-01
-9.901666134595871194e-01
-9.902752262353896606e-01
-9.905059671401977850e-01
-9.903150099515914961e-01
-9.906300002336502208e-01
-9.904605722427368697e-01
-9.903715509176254095e-01
-9.906730782985687656e-01
-9.906387293338775324e-01
-9.903913187980651900e-01
-9.899908733367920322e-01
-9.896663856506348056e-01
-9.903004515171051070e-01
-9.902020221948624190e-01
-9.905797755718230846e-01
-9.904462593793869063e-01
-9.903293174505233276e-01
-9.906751710176467940e-01
-9.904281616210937056e-01
-9.904944628477097002e-01
-9.905041539669037221e-01
-9.906828159093856723e-01
-9.906046760082244385e-01
-9.903333073854446722e-01
-9.901178145408630060e-01
-9.907380086183548151e-01
-9.908596521615982144e-01
-9.906239974498748380e-01
-9.906361275911330644e-01
-9.902385604381561679e-01
-9.908798360824584428e-01
-9.905926138162612915e-01
-9.905577427148819503e-01
-9.900389534235000122e-01
-9.906535148620605469e-01
-9.903974086046218872e-01
-9.902060276269912809e-01
-9.901843416690826460e-01
-9.900624662637710349e-01
-9.902746647596358809e-01
-9.905838799476623935e-01
-9.908020526170731035e-01
-9.905286997556685957e-01
-9.907522565126418712e-01
-9.900826805830001964e-01
-9.904691815376281960e-01
-9.903848755359649925e-01
-9.904426532983779952e-01
-9.904501891136169300e-01
-9.904089623689651400e-01
-9.902437019348144798e-01
-9.904636126756668491e-01
-9.905377787351608010e-01
-9.906978517770766990e-01
-9.904652178287506326e-01
-9.909965103864669667e-01
-9.901476806402206288e-01
-9.907268863916397494e-01
-9.904350143671035722e-01
-9.903940224647521662e-01
-9.901617878675460505e-01
-9.902158629894256547e-01
-9.901725476980209883e-01
-9.904315340518951016e-01
-9.903852844238281161e-01
-9.903734523057937666e-01
-9.902715283632278487e-01
-9.900500649213790361e-01
-9.903654831647873413e-01
-9.901656889915466664e-01
-9.900924843549728793e-01
-9.900633132457733465e-01
-9.902246499061584384e-01
-9.905222892761230691e-01
-9.903863823413848744e-01
-9.896904140710830466e-01
-9.901344078779220625e-01
-9.902651226520537975e-01
-9.905572468042374012e-01
-9.904182207584381059e-01
-9.903105604648589910e-01
-9.905545634031295288e-01
-9.905124443769455223e-01
-9.906617391109466819e-01
-9.903810340166091519e-01
-9.906431394815444769e-01
-9.905936712026596203e-01
-9.907933288812637018e-01
-9.907637041807174638e-01
-9.907702267169952171e-01
-9.907420367002487405e-01
-9.902885258197784424e-01
-9.908642148971558150e-01
-9.906006217002868430e-01
-9.902882069349289162e-01
-9.900063562393188743e-01
-9.902701961994171409e-01
-9.906779658794403476e-01
-9.904374986886977927e-01
-9.904602938890456620e-01
-9.905846464633941695e-01
-9.901807588338852328e-01
-9.906096988916397450e-01
-9.905778843164444458e-01
-9.906319129467010542e-01
-9.903288811445236650e-01
-9.902882492542266490e-01
-9.906010413169861195e-01
-9.903109771013259843e-01
-9.906711411476135654e-01
-9.909106689691543624e-01
-9.906057149171829668e-01
-9.902707284688949674e-01
-9.907649379968642700e-01
-9.900000315904616821e-01
-9.901406031846999856e-01
-9.903889292478561535e-01
-9.900985354185104503e-01
-9.903440618515014782e-01
-9.906814748048782260e-01
-9.901854646205902055e-01
-9.903623253107071145e-01
-9.899878996610641524e-01
-9.904032915830611739e-01
-9.900944387912750111e-01
-9.900560975074768066e-01
-9.906368577480315629e-01
-9.906748741865157859e-01
-9.906055706739426148e-01
-9.904135107994079812e-01
-9.901983165740966264e-01
-9.903795635700225475e-01
-9.904583668708801802e-01
-9.905614995956421032e-01
-9.907337892055511075e-01
-9.903956079483031694e-01
-9.903591805696487782e-01
-9.902993929386139094e-01
-9.903672605752944502e-01
-9.903114247322082342e-01
-9.908011108636856079e-01
-9.902880781888961925e-01
-9.903068268299102250e-01
-9.901966625452041093e-01
-9.903629505634308217e-01
-9.908692169189453613e-01
-9.907409143447876154e-01
-9.903592610359192028e-01
-9.904206603765487449e-01
-9.906824147701263072e-01
-9.905280774831771717e-01
-9.899641150236129228e-01
-9.900519371032714400e-01
-9.901311415433883267e-01
-9.902219104766846192e-01
-9.902605664730071977e-01
-9.901883411407470525e-01
-9.906618010997771950e-01
-9.907991272211075229e-01
-9.904419481754302979e-01
-9.902540218830108154e-01
-9.903003382682800115e-01
-9.904678177833556862e-01
-9.902953588962555287e-01
-9.904150712490081832e-01
-9.906401312351227340e-01
-9.904767203330994141e-01
-9.907861995697021529e-01
-9.898860055208206221e-01
-9.907998126745224399e-01
-9.906442135572433028e-01
-9.904638123512268244e-01
-9.906421637535095526e-01
-9.901867383718490068e-01
-9.900793445110320778e-01
-9.905236142873764527e-01
-9.905834352970123158e-01
-9.906434690952301558e-01
-9.906390857696533159e-01
-9.906341511011124146e-01
-9.906386601924895841e-01
-9.905570340156555353e-01
-9.905287510156631781e-01
-9.904555797576903853e-01
-9.909736633300780806e-01
-9.905670356750487793e-01
-9.909130716323852894e-01
-9.903287523984909413e-01
-9.908288508653640969e-01
-9.905824780464171919e-01
-9.905726200342178656e-01
-9.906586021184921043e-01
-9.907337510585785267e-01
-9.906341135501861572e-01
-9.905493390560150546e-01
-9.906568700075149003e-01
-9.908479142189026145e-01
-9.902271121740341409e-01
-9.901894044876098366e-01
-9.906859111785888405e-01
-9.906700956821441473e-01
-9.907108747959136874e-01
-9.907767987251281383e-01
-9.907748538255691795e-01
-9.907414901256561546e-01
-9.906403136253356667e-01
-9.910006594657897461e-01
-9.907907581329346014e-01
-9.909447294473647805e-01
-9.908471965789794611e-01
-9.905447262525558516e-01
-9.904621928930282815e-01
-9.904171234369277821e-01
-9.905887484550476296e-01
-9.900910449028015314e-01
-9.903409308195114669e-01
-9.899903029203415139e-01
-9.901714700460434448e-01
-9.907561707496642667e-01
-9.901065367460251121e-01
-9.904999130964279308e-01
-9.902101266384124578e-01
-9.901290196180343450e-01
-9.903944128751754894e-01
-9.904809468984603349e-01
-9.909701323509216842e-01
-9.901617133617400812e-01
-9.902971273660660101e-01
-9.908989471197128251e-01
-9.904282724857330633e-01
-9.910080659389496338e-01
-9.904081541299819547e-01
-9.902218294143676491e-01
-9.905308407545089233e-01
-9.904784840345383090e-01
-9.900496393442154153e-01
-9.900029534101486561e-01
-9.902029496431350442e-01
-9.900643140077590720e-01
-9.903431600332259777e-01
-9.904114127159118208e-01
-9.902844381332397417e-01
-9.905477333068847257e-01
-9.904107964038848522e-01
-9.899923300743103116e-01
-9.904789435863494695e-01
-9.900019061565399348e-01
-9.903726494312286022e-01
-9.902535754442215454e-01
-9.906431931257247969e-01
-9.904787856340407926e-01
-9.908110707998275535e-01
-9.903024733066558838e-01
-9.904790657758713035e-01
-9.905583685636520919e-01
-9.904055911302566129e-01
-9.904047113656997414e-01
-9.906688874959945768e-01
-9.902641755342483920e-01
-9.903700262308120505e-01
-9.902708345651626276e-01
-9.904732215404510320e-01
-9.907994288206100064e-01
-9.901734906435012418e-01
-9.900839763879776267e-01
-9.907502686977386341e-01
-9.900260090827941450e-01
-9.903694975376129417e-01
-9.905693036317825273e-01
-9.904788714647293491e-01
-9.907108324766159546e-01
-9.907287991046905828e-01
-9.905214363336563022e-01
-9.904647582769393610e-01
-9.905427891016006514e-01
-9.903678166866302091e-01
-9.904316264390945479e-01
-9.903247678279876176e-01
-9.904783290624618042e-01
-9.904636710882186446e-01
-9.904950469732284324e-01
-9.902620524168014304e-01
-9.904817122220993530e-01
-9.905352830886841042e-01
-9.903924155235290794e-01
-9.901886594295501443e-01
-9.904722005128860918e-01
-9.908190691471099321e-01
-9.907558947801590188e-01
-9.903286290168762385e-01
-9.905847966670989768e-01
-9.905153661966323853e-01
-9.906397032737731534e-01
-9.908214968442916604e-01
-9.908703851699829368e-01
-9.907670915126800537e-01
-9.905548501014709295e-01
-9.906537902355193603e-01
-9.904462099075317383e-01
-9.905161994695663719e-01
-9.910126727819442705e-01
-9.906417196989059093e-01
-9.906661695241928411e-01
-9.906644243001937467e-01
-9.906333112716674272e-01
-9.902316188812255726e-01
-9.903380072116851895e-01
-9.903308260440826238e-01
-9.904700994491577593e-01
-9.903342479467391879e-01
-9.903013783693314087e-01
-9.900070446729659634e-01
-9.901554882526397705e-01
-9.902653634548187478e-01
-9.906661975383758145e-01
-9.904219305515289395e-01
-9.899570775032043857e-01
-9.905624741315841586e-01
-9.903965735435485973e-01
-9.907050859928131503e-01
-9.898902446031569990e-01
-9.906777894496917591e-01
-9.900825238227843883e-01
-9.900078672170639082e-01
-9.901303195953369274e-01
-9.905506789684295210e-01
-9.903141295909881903e-01
-9.897558039426803678e-01
-9.902713906764983864e-01
-9.902849477529526157e-01
-9.908123707771301358e-01
-9.905616301298141302e-01
-9.909626823663711948e-01
-9.906903487443924350e-01
-9.903942322731018599e-01
-9.904678833484649170e-01
-9.909557944536209195e-01
-9.905244612693786532e-01
-9.908717870712280273e-01
-9.901547896862029630e-01
-9.905110222101211059e-01
-9.901584142446517856e-01
-9.900097686052322654e-01
-9.900691330432891402e-01
-9.900509184598922374e-01
-9.906105244159698620e-01
-9.903575611114502353e-01
-9.904562604427337158e-01
-9.902192777395248946e-01
-9.903086978197097601e-01
-9.903978931903839600e-01
-9.904497623443603294e-01
-9.904465597867965210e-01
-9.902217012643813598e-01
-9.908809113502502486e-01
-9.903555572032928245e-01
-9.903212642669677601e-01
-9.911026978492736283e-01
-9.901107019186019542e-01
-9.906778782606124878e-01
-9.905556905269622403e-01
-9.908822327852249146e-01
-9.909828811883926170e-01
-9.904976201057433816e-01
-9.905060833692550526e-01
-9.907552087306976674e-01
-9.907994163036346613e-01
-9.902054572105407626e-01
-9.905339771509170665e-01
-9.903374344110489336e-01
-9.906656223535538208e-01
-9.907303130626679000e-01
-9.907529294490814431e-01
-9.905365508794784501e-01
-9.905373543500900491e-01
-9.905020838975906461e-01
-9.905022341012954534e-01
-9.908398067951202925e-01
-9.907440686225891247e-01
-9.910573965311050282e-01
-9.908285903930663663e-01
-9.909334242343902366e-01
-9.907766413688660068e-01
-9.913490396738052768e-01
-9.905136638879775690e-01
-9.906911504268646196e-01
-9.903831744194030451e-01
-9.905763942003250611e-01
-9.903941035270691362e-01
-9.906377780437469749e-01
-9.907149821519851685e-01
-9.907083743810654042e-01
-9.902492737770081099e-01
-9.901307797431946334e-01
-9.905239200592040882e-01
-9.900702935457229570e-01
-9.901687753200530961e-01
-9.903288757801056441e-01
-9.902434992790222212e-01
-9.902090400457381758e-01
-9.905608785152435480e-01
-9.902965039014816062e-01
-9.905220890045165483e-01
-9.905740582942962336e-01
-9.904370677471160400e-01
-9.905890583992004172e-01
-9.906341332197189375e-01
-9.907256793975830478e-01
-9.903529179096222101e-01
-9.906619584560394376e-01
-9.907899236679077459e-01
-9.904768335819243985e-01
-9.902530264854431108e-01
-9.902934789657592551e-01
-9.903835409879684359e-01
-9.901986587047576505e-01
-9.903121942281722934e-01
-9.906988990306854204e-01
-9.906269383430480469e-01
-9.903222465515136852e-01
-9.905701267719269065e-01
-9.903115630149841309e-01
-9.903984427452087180e-01
-9.906715643405914484e-01
-9.904619288444519443e-01
-9.906863993406296309e-01
-9.904786199331283569e-01
-9.903549039363861439e-01
-9.906286203861236483e-01
-9.903793960809708086e-01
-9.907898628711699907e-01
-9.904736244678497004e-01
-9.910210490226745161e-01
-9.907730370759963989e-01
-9.905816268920898393e-01
-9.906028282642364013e-01
-9.902375245094299228e-01
-9.903739315271377075e-01
-9.903479570150375277e-01
-9.909083223342896041e-01
-9.908037984371185214e-01
-9.909711140394210638e-01
-9.908165180683136120e-01
-9.905157005786895397e-01
-9.904478013515471968e-01
-9.900936257839202392e-01
-9.901882141828537431e-01
-9.902918034791946544e-01
-9.903174448013305486e-01
-9.907161939144134566e-01
-9.904998219013214644e-01
-9.906433665752411022e-01
-9.907869303226470858e-01
-9.907021850347519365e-01
-9.901857340335845636e-01
-9.908207106590271041e-01
-9.904062992334365934e-01
-9.903897386789322077e-01
-9.906852555274963112e-01
-9.904332596063614158e-01
-9.903043752908706754e-01
-9.904421788454055298e-01
-9.906408315896988448e-01
-9.905500668287277044e-01
-9.906096583604813155e-01
-9.904947161674499956e-01
-9.907375675439834550e-01
-9.905893474817275557e-01
-9.907749927043915106e-01
-9.906696695089339810e-01
-9.905504435300827026e-01
-9.904429668188095004e-01
-9.909708708524703757e-01
-9.907569408416747603e-01
-9.906352472305297585e-01
-9.906069904565810713e-01
-9.908062690496444169e-01
-9.905866950750350508e-01
-9.908556139469146817e-01
-9.906608629226684171e-01
-9.905045908689499301e-01
-9.909389191865920488e-01
-9.907391566038131758e-01
-9.904758298397063898e-01
-9.901950997114181696e-01
-9.899913960695266857e-01
-9.906368064880370916e-01
-9.907139182090759499e-01
-9.906769132614136053e-01
-9.899886173009871948e-01
-9.897275996208191318e-01
-9.903426712751388639e-01
-9.904352927207946689e-01
-9.902258485555648360e-01
-9.898360222578048706e-01
-9.901381367444992421e-01
-9.903074574470519531e-01
-9.906042641401291426e-01
-9.904134899377823320e-01
-9.908667635917663974e-01
-9.908720153570175215e-01
-9.905948668718338457e-01
-9.906947886943817672e-01
-9.903279596567153842e-01
-9.906381237506866055e-01
-9.903965502977370994e-01
-9.904718470573424804e-01
-9.906583833694457830e-01
-9.905994051694869684e-01
-9.906138861179352162e-01
-9.907617670297622636e-01
-9.907414937019347612e-01
-9.905167102813721147e-01
-9.902527058124541703e-01
-9.903825920820236162e-01
-9.905672323703765825e-01
-9.900791877508163807e-01
-9.907399868965148793e-01
-9.903936409950255815e-01
-9.903206551074981157e-01
-9.900054925680160656e-01
-9.900842130184173140e-01
-9.904822307825088545e-01
-9.904892569780350264e-01
-9.907191437482834040e-01
-9.905778574943542303e-01
-9.906827288866043579e-01
-9.905204892158507857e-01
-9.909844130277634111e-01
-9.904046499729156627e-01
-9.905173796415328580e-01
-9.904628306627273338e-01
-9.906686329841614125e-01
-9.906721132993697720e-01
-9.905148303508758412e-01
-9.903193557262420788e-01
-9.906170958280563488e-01
-9.899431854486465676e-01
-9.907940888404845881e-01
-9.906332916021347579e-01
-9.903726994991302046e-01
-9.907404857873917114e-01
-9.911535435914993197e-01
-9.903427445888519642e-01
-9.903252369165420621e-01
-9.904141491651534679e-01
-9.905894392728805675e-01
-9.903029555082321078e-01
-9.905162930488586870e-01
-9.908154201507568537e-01
-9.905935800075531539e-01
-9.901585054397582519e-01
-9.908393824100494296e-01
-9.907077127695083085e-01
-9.907613307237624900e-01
-9.907483899593353405e-01
-9.905158644914626720e-01
-9.909003877639770419e-01
-9.906598687171935813e-01
-9.905334281921386319e-01
-9.903097867965697798e-01
-9.903586232662200395e-01
-9.903405559062957719e-01
-9.903128665685653198e-01
-9.905160194635391768e-01
-9.905735671520232710e-01
-9.907867455482483043e-01
-9.910440284013748435e-01
-9.907043784856796043e-01
-9.908453255891800371e-01
-9.904469245672226085e-01
-9.906824696063994962e-01
-9.905073291063308805e-01
-9.908348220586776778e-01
-9.906951814889908281e-01
-9.905481648445129128e-01
-9.904967069625854048e-01
-9.901807689666748402e-01
-9.905761545896529796e-01
-9.905183529853820446e-01
-9.906213319301605535e-01
-9.908881175518036155e-01
-9.905951535701751354e-01
-9.903753119707107144e-01
-9.904051840305327925e-01
-9.901999592781066672e-01
-9.905513000488280762e-01
-9.908493888378143710e-01
-9.909166085720062522e-01
-9.908046615123748957e-01
-9.905792301893234786e-01
-9.907234811782836825e-01
-9.907554394006728993e-01
-9.912072128057479725e-01
-9.905691814422606933e-01
-9.906234151124954090e-01
-9.906922906637192217e-01
-9.904290682077407926e-01
-9.903393214941025313e-01
-9.908156412839889127e-01
-9.906944251060485485e-01
-9.904451817274093628e-01
-9.903767448663711725e-01
-9.904025852680206077e-01
-9.907147347927093284e-01
-9.905291497707366943e-01
-9.903566157817840221e-01
-9.896859622001648038e-01
-9.900707077980041015e-01
-9.905130988359451827e-01
-9.902760946750640558e-01
-9.900938552618027133e-01
-9.904689073562622514e-01
-9.904182189702988026e-01
-9.901900839805602983e-01
-9.906913155317306208e-01
-9.904356366395949962e-01
-9.907706099748611051e-01
-9.900650829076766968e-01
-9.906778848171233776e-01
-9.906676763296127231e-01
-9.908129209280014393e-01
-9.904353260993957742e-01
-9.904867744445801092e-01
-9.901602613925933882e-01
-9.902301400899886641e-01
-9.899035185575485452e-01
-9.904864579439163208e-01
-9.904304552078246893e-01
-9.906946247816086348e-01
-9.903550565242766890e-01
-9.905458366870880660e-01
-9.905834871530533325e-01
-9.908658969402313055e-01
-9.906427550315857200e-01
-9.902771228551864313e-01
-9.903211438655853405e-01
-9.902982300519943548e-01
-9.905392545461654263e-01
-9.903156501054763972e-01
-9.904490643739700673e-01
-9.902005863189696777e-01
-9.900201088190079268e-01
-9.905278629064560025e-01
-9.905633729696273759e-01
-9.906138557195663941e-01
-9.905836862325668735e-01
-9.907248115539550870e-01
-9.899987864494323997e-01
-9.905865764617920455e-01
-9.905510181188583729e-01
-9.905033719539642068e-01
-9.907759511470795033e-01
-9.903054976463318004e-01
-9.904011094570159823e-01
-9.904867160320282027e-01
-9.906732064485549438e-01
-9.908174556493759555e-01
-9.908098894357680875e-01
-9.903054296970367210e-01
-9.906329590082169068e-01
-9.906999003887176913e-01
-9.904630964994430853e-01
-9.898568445444106967e-01
-9.904476433992386308e-01
-9.905773150920867964e-01
-9.904213124513625566e-01
-9.905763947963714955e-01
-9.902901810407638283e-01
-9.902807283401489080e-01
-9.904693514108657837e-01
-9.909676307439804210e-01
-9.908582609891891657e-01
-9.903779447078704390e-01
-9.902680623531341375e-01
-9.905764496326446844e-01
-9.902882641553878429e-01
-9.903795236349105524e-01
-9.903500497341155562e-01
-9.901387792825698808e-01
-9.906685507297515736e-01
-9.908366811275481911e-01
-9.906980526447296542e-01
-9.906070375442505016e-01
-9.907420068979263528e-01
-9.905912315845489813e-01
-9.903781551122665672e-01
-9.903654408454894975e-01
-9.903454655408858720e-01
-9.907099604606628418e-01
-9.907487940788268777e-01
-9.906300204992294356e-01
-9.905209213495254073e-01
-9.907055085897445990e-01
-9.904403692483901844e-01
-9.906091910600661743e-01
-9.905223667621612105e-01
-9.908197265863418757e-01
-9.905599099397659479e-01
-9.902251666784286366e-01
-9.898054832220077870e-01
-9.902735716104507091e-01
-9.900727587938308316e-01
-9.902682888507843284e-01
-9.903033483028411688e-01
-9.902091908454895286e-01
-9.906905001401901112e-01
-9.908471381664276656e-01
-9.905618286132812367e-01
-9.903565251827239901e-01
-9.905758666992187100e-01
-9.904280042648315741e-01
-9.905914658308029308e-01
-9.904466295242309037e-01
-9.903360027074813443e-01
-9.900730258226394520e-01
-9.902029430866241544e-01
-9.903923499584198487e-01
-9.901236647367477328e-01
-9.904040735960006892e-01
-9.903728830814361173e-01
-9.906041729450225652e-01
-9.903990954160690752e-01
-9.901456034183502286e-01
-9.902361744642257380e-01
-9.904023104906082287e-01
-9.903427916765212835e-01
-9.897192603349685980e-01
-9.900966745615005227e-01
-9.903385728597641213e-01
-9.900447994470595869e-01
-9.901327210664748746e-01
-9.901940792798995528e-01
-9.899286323785781994e-01
-9.899553352594375744e-01
-9.899414336681365834e-01
-9.901457899808883134e-01
-9.898356068134307462e-01
-9.899039411544799938e-01
-9.899364256858825817e-01
-9.904894918203354104e-01
-9.906800478696823342e-01
-9.907488602399826538e-01
-9.903207063674926980e-01
-9.906978595256805686e-01
-9.905930721759795832e-01
-9.907958894968033059e-01
-9.906206578016281128e-01
-9.904566246271133689e-01
-9.903772211074829412e-01
-9.903452396392822266e-01
-9.901570320129394753e-01
-9.903907191753387185e-01
-9.902537876367568659e-01
-9.905239909887313399e-01
-9.906480461359024048e-01
-9.906300830841064942e-01
-9.905939632654190419e-01
-9.903792971372604725e-01
-9.908203828334808394e-01
-9.908589774370193393e-01
-9.906976830959319802e-01
-9.905422759056091708e-01
-9.906799620389938887e-01
-9.905772846937179743e-01
-9.906902343034744707e-01
-9.908960080146789196e-01
-9.908924382925033969e-01
-9.906909680366515758e-01
-9.909497570991515625e-01
-9.910104483366012351e-01
-9.905423557758331610e-01
-9.900413668155669811e-01
-9.903681743144988614e-01
-9.901214420795441118e-01
-9.903286153078079135e-01
-9.901975023746490967e-01
-9.901569390296935946e-01
-9.903969848155975697e-01
-9.905677670240402577e-01
-9.908126652240752952e-01
-9.907702630758286055e-01
-9.905073815584182206e-01
-9.906569135189056130e-01
-9.904990720748901856e-01
-9.903566932678222745e-01
-9.902949416637421010e-01
-9.903258901834487427e-01
-9.907985103130340088e-01
-9.908177673816680464e-01
-9.905507129430770608e-01
-9.904942572116851585e-01
-9.895705509185791504e-01
-9.900538957118988348e-01
-9.904715347290039551e-01
-9.901907467842101518e-01
-9.903634160757064375e-01
-9.901088666915893732e-01
-9.907508450746536077e-01
-9.909076863527297441e-01
-9.905117577314377364e-01
-9.901939606666565474e-01
-9.905464702844619662e-01
-9.906030482053757025e-01
-9.902970790863037109e-01
-9.901447117328643355e-01
-9.902067857980728638e-01
-9.903277945518493830e-01
-9.907366877794265836e-01
-9.906543719768524658e-01
-9.906285071372985529e-01
-9.906104683876038042e-01
-9.909841793775558960e-01
-9.905636441707611484e-01
-9.905674242973327992e-01
-9.905263251066207530e-01
-9.902426987886429055e-01
-9.901910948753357422e-01
-9.901281553506851019e-01
-9.903394818305969460e-01
-9.908578246831893921e-01
-9.905141472816467729e-01
-9.907391631603240656e-01
-9.906061953306197765e-01
-9.904193639755248801e-01
-9.904222702980041149e-01
-9.904359775781631514e-01
-9.903395956754684759e-01
-9.906808978319168180e-01
-9.905652737617492987e-01
-9.908119010925292569e-01
-9.904400420188903542e-01
-9.910009080171584550e-01
-9.903832554817200151e-01
-9.903890770673752231e-01
-9.903435295820236517e-01
-9.903611451387405173e-01
-9.905289465188980014e-01
-9.907533740997314098e-01
-9.905999130010605391e-01
-9.908348339796065884e-01
-9.908497995138167980e-01
-9.906643790006637307e-01
-9.908474951982497725e-01
-9.906813496351242199e-01
-9.906017839908599631e-01
-9.896728461980819347e-01
-9.903103184700011719e-01
-9.903881257772445545e-01
-9.901221507787704157e-01
-9.906381177902221502e-01
-9.909450048208237050e-01
-9.903468596935272039e-01
-9.900513494014739901e-01
-9.905947548151016191e-01
-9.906175327301025568e-01
-9.906187617778777765e-01
-9.908117783069610995e-01
-9.905943137407302590e-01
-9.904867005348205744e-01
-9.904391098022461426e-01
-9.903627449274062799e-01
-9.900358235836028697e-01
-9.899649888277053389e-01
-9.907026809453963745e-01
-9.906907796859740767e-01
-9.907881128787994207e-01
-9.909297579526901156e-01
-9.905680686235427412e-01
-9.905605250597000477e-01
-9.904141259193420810e-01
-9.908764106035232722e-01
-9.909382563829421953e-01
-9.908456951379776001e-01
-9.907767510414123846e-01
-9.907379513978957775e-01
-9.906693315505981090e-01
-9.908860665559768854e-01
-9.906820476055144820e-01
-9.907571822404861450e-01
-9.908423042297362926e-01
-9.905674904584884644e-01
-9.902519804239272583e-01
-9.902803456783294545e-01
-9.897981035709381148e-01
-9.904177403450011852e-01
-9.902579176425934104e-01
-9.904337984323501320e-01
-9.906765174865722612e-01
-9.903880298137665017e-01
-9.902224671840668124e-01
-9.901836264133453414e-01
-9.909484577178955256e-01
-9.901163417100906639e-01
-9.902862554788589566e-01
-9.900823211669922408e-01
-9.905563843250274614e-01
-9.904473668336868375e-01
-9.902852517366409479e-01
-9.904505068063735873e-01
-9.902050900459289373e-01
-9.902470594644546820e-01
-9.903485625982284546e-01
-9.906229925155639604e-01
-9.905225461721420821e-01
-9.907372468709945146e-01
-9.905327916145324485e-01
-9.907382297515868741e-01
-9.903840059041977284e-01
-9.907633304595947488e-01
-9.906513833999633922e-01
-9.904754120111465276e-01
-9.902166277170181274e-01
-9.908091819286346524e-01
-9.905425667762756126e-01
-9.904486364126205977e-01
-9.903749430179595858e-01
-9.905468642711638960e-01
-9.903627711534500611e-01
-9.901571452617645708e-01
-9.901339471340179221e-01
-9.904514008760452182e-01
-9.902076196670531738e-01
-9.909129482507705866e-01
-9.906714594364166571e-01
-9.906919068098067882e-01
-9.903576564788818537e-01
-9.908842939138412520e-01
-9.902936184406280207e-01
-9.907146859169005948e-01
-9.907415699958801447e-01
-9.898149645328522261e-01
-9.904290521144867299e-01
-9.908294832706451283e-01
-9.909570199251175326e-01
-9.904720056056975919e-01
-9.905727571249007823e-01
-9.906958758831023726e-01
-9.904422545433044789e-01
-9.905658942461014194e-01
-9.902771705389022960e-01
-9.905327433347701493e-01
-9.906857329607009488e-01
-9.908417642116547075e-01
-9.909622383117675515e-01
-9.905936902761459661e-01
-9.904310077428817305e-01
-9.907198709249496194e-01
-9.907200807332992021e-01
-9.906208169460296586e-01
-9.907441544532775701e-01
-9.909008824825287221e-01
-9.909404712915420577e-01
-9.906334221363067849e-01
-9.907577586174011186e-01
-9.908731621503830134e-01
-9.904741978645325018e-01
-9.906834036111831221e-01
-9.909744191169739258e-01
-9.905749827623366865e-01
-9.905982518196105868e-01
-9.901525348424911055e-01
-9.904908239841461182e-01
-9.904573386907578048e-01
-9.903167718648910878e-01
-9.906986606121063188e-01
-9.906939440965651933e-01
-9.907363152503967374e-01
-9.905187290906906084e-01
-9.904172450304031816e-01
-9.904834032058715820e-01
-9.904935574531554821e-01
-9.906498074531555620e-01
-9.907573699951172097e-01
-9.906666982173919500e-01
-9.903706353902816950e-01
-9.905015230178833008e-01
-9.902494031190872681e-01
-9.905372077226638483e-01
-9.906813043355942039e-01
-9.908877468109130726e-01
-9.906228989362716453e-01
-9.907704061269759777e-01
-9.905937296152115268e-01
-9.901342189311981290e-01
-9.904519617557525635e-01
-9.904452121257781849e-01
-9.907007962465286255e-01
-9.905877655744552701e-01
-9.909318828582763805e-01
-9.909735453128815097e-01
-9.901515674591064853e-01
-9.906109929084777610e-01
-9.905345684289932340e-01
-9.908527266979217929e-01
-9.905246460437774347e-01
-9.902262562513350908e-01
-9.909182953834533292e-01
-9.900278937816620051e-01
-9.901672101020813077e-01
-9.904184585809707730e-01
-9.903445476293564198e-01
-9.901520812511444003e-01
-9.903781509399414151e-01
-9.898198497295379594e-01
-9.905356901884079246e-01
-9.899825090169906971e-01
-9.902570909261703136e-01
-9.903358757495880349e-01
-9.903909558057785167e-01
-9.903238689899445113e-01
-9.906429755687713445e-01
-9.910646992921828824e-01
-9.906335479021072254e-01
-9.908059704303741055e-01
-9.909167790412902743e-01
-9.910462832450867010e-01
-9.906833404302597401e-01
-9.902451562881470215e-01
-9.908591252565384089e-01
-9.903547960519790694e-01
-9.907775288820266368e-01
-9.907116496562957675e-01
-9.904175299406051680e-01
-9.906220728158950939e-01
-9.907004970312118797e-01
-9.907442635297775135e-01
-9.908834880590439154e-01
-9.910107403993606567e-01
-9.905949425697326838e-01
-9.907239466905594094e-01
-9.909527719020843062e-01
-9.903213191032409490e-01
-9.903370511531829345e-01
-9.906022709608077736e-01
-9.905013287067413463e-01
-9.905883198976517257e-01
-9.906007522344588700e-01
-9.906903344392776756e-01
-9.908086973428725797e-01
-9.906314057111740290e-01
-9.906053602695464866e-01
-9.910034936666488603e-01
-9.906738680601120395e-01
-9.907298338413238481e-01
-9.911470884084701005e-01
-9.909236836433410467e-01
-9.910604786872864169e-01
-9.907440549135207997e-01
-9.907071757316588956e-01
-9.906149452924728482e-01
-9.906881356239318759e-01
-9.908739084005355746e-01
-9.906730931997299594e-01
-9.905421340465545565e-01
-9.906332433223724587e-01
-9.909028387069702681e-01
-9.908127486705780029e-01
-9.908226799964904297e-01
-9.910103940963744806e-01
-9.906566226482391713e-01
-9.907467502355575828e-01
-9.906198632717132524e-01
-9.903167647123336526e-01
-9.906390416622161688e-01
-9.905511754751205045e-01
-9.908143764734268499e-01
-9.904696917533875045e-01
-9.903252494335174072e-01
-9.903584039211272838e-01
-9.899202603101729947e-01
-9.904980391263962236e-01
-9.905190205574035955e-01
-9.900962638854980957e-01
-9.901481109857559471e-01
-9.899693417549133567e-01
-9.903803080320358054e-01
-9.902625930309295610e-01
-9.903810852766037343e-01
-9.902121233940124334e-01
-9.906408977508545100e-01
-9.908236628770827892e-01
-9.902819007635116355e-01
-9.906973439455032393e-01
-9.908611261844635365e-01
-9.906231403350830300e-01
-9.907916224002838446e-01
-9.908657437562942150e-01
-9.903981369733810824e-01
-9.907982128858566773e-01
-9.904857802391052735e-01
-9.904242557287216142e-01
-9.906052070856093961e-01
-9.905501657724380404e-01
-9.906386512517929566e-01
-9.905020898580551014e-01
-9.906829214096068981e-01
-9.909367501735687478e-01
-9.906086295843123946e-01
-9.904733741283416881e-01
-9.905791503190993774e-01
-9.902931356430053622e-01
-9.905206567049026356e-01
-9.907441568374634189e-01
-9.910855841636657670e-01
-9.910172212123871116e-01
-9.911290121078490944e-01
-9.904195588827132690e-01
-9.907035964727402000e-01
-9.907433861494063798e-01
-9.909424489736556874e-01
-9.908481913805008423e-01
-9.905293071269989369e-01
-9.906295639276504472e-01
-9.904925310611725209e-01
-9.907961118221283447e-01
-9.908752012252807218e-01
-9.908979099988937111e-01
-9.909873884916305942e-01
-9.908227109909057972e-01
-9.905274277925490978e-01
-9.907761156558990701e-01
-9.905321854352950872e-01
-9.904914003610610918e-01
-9.906016194820403964e-01
-9.908378601074219194e-01
-9.908376860618591797e-01
-9.904090362787246749e-01
-9.906649637222290083e-01
-9.908078306913375988e-01
-9.905720865726470592e-01
-9.907621937990188643e-01
-9.908462500572204901e-01
-9.909703946113586071e-01
-9.910991334915161266e-01
-9.905680650472641346e-01
-9.904963898658752930e-01
-9.908221858739852950e-01
-9.908601444959640459e-01
-9.908618265390396473e-01
-9.908557444810867088e-01
-9.902712500095367520e-01
-9.904351276159286677e-01
-9.904034298658370705e-01
-9.902679985761642101e-01
-9.903490930795669778e-01
-9.905947500467300326e-01
-9.907461136579513994e-01
-9.908062452077865956e-01
-9.905993449687957586e-01
-9.906060469150542724e-01
-9.908557087182998657e-01
-9.910488939285277965e-01
-9.906520980596542625e-01
-9.904186570644378795e-01
-9.908585357666015447e-01
-9.906608766317367420e-01
-9.906768733263016102e-01
-9.909152394533157215e-01
-9.905825734138489214e-01
-9.909898442029952959e-01
-9.909417080879211470e-01
-9.908197957277298240e-01
-9.907260775566101296e-01
-9.908253109455108509e-01
-9.908358776569365922e-01
-9.907819145917892145e-01
-9.906512612104415583e-01
-9.910413920879364014e-01
-9.908264726400375366e-01
-9.904774606227875200e-01
-9.906674724817275957e-01
-9.904148012399673906e-01
-9.901739507913589478e-01
-9.908951675891876087e-01
-9.904555064439773959e-01
-9.909404462575912564e-01
-9.903725606203078735e-01
-9.905637615919112848e-01
-9.905084037780761408e-01
-9.907330620288848921e-01
-9.907998651266097800e-01
-9.909463763236999734e-01
-9.910591471195221436e-01
-9.906869620084762795e-01
-9.906815201044082420e-01
-9.906083339452743664e-01
-9.906580597162246704e-01
-9.908173614740372059e-01
-9.907476139068603915e-01
-9.905901473760604370e-01
-9.904880356788635654e-01
-9.907295185327530396e-01
-9.904381877183914273e-01
-9.907953119277954634e-01
-9.907430565357208119e-01
-9.907070082426071567e-01
-9.905850154161452981e-01
-9.903361427783966553e-01
-9.906340289115905806e-01
-9.906235408782958496e-01
-9.910618948936462669e-01
-9.906397122144698919e-01
-9.907336473464966042e-01
-9.909509968757629350e-01
-9.908151221275329767e-01
-9.905690628290176880e-01
-9.907866358757019265e-01
-9.909415239095687999e-01
-9.907904136180877286e-01
-9.912145757675170366e-01
-9.907004809379578170e-01
-9.908365285396576461e-01
-9.902674144506454779e-01
-9.909441804885864569e-01
-9.907745265960693493e-01
-9.904000532627105224e-01
-9.906609249114990412e-01
-9.905666905641555831e-01
-9.900395667552948087e-01
-9.899290859699249046e-01
-9.904558813571929798e-01
-9.903629106283188266e-01
-9.903830003738403054e-01
-9.903158831596374778e-01
-9.905287718772888272e-01
-9.908070170879363925e-01
-9.906581515073775712e-01
-9.903627431392669767e-01
-9.905064386129379672e-01
-9.910825914144516524e-01
-9.908561688661575717e-01
-9.908703982830047163e-01
-9.907736808061600176e-01
-9.908643233776092130e-01
-9.907261604070662919e-01
-9.906686866283416215e-01
-9.909415161609649303e-01
-9.908681190013886031e-01
-9.908634138107299538e-01
-9.904851257801056130e-01
-9.905022013187408936e-01
-9.906986242532730413e-01
-9.907297813892363969e-01
-9.906213194131850974e-01
-9.905805879831314220e-01
-9.902092349529266757e-01
-9.907771253585815341e-01
-9.902801835536956254e-01
-9.906560534238815219e-01
-9.904024767875670987e-01
-9.908322149515151889e-01
-9.908517605066299305e-01
-9.906258445978164406e-01
-9.906829792261123702e-01
-9.903904169797896895e-01
-9.906101441383361461e-01
-9.905956953763961348e-01
-9.902306163311004328e-01
-9.905742216110229315e-01
-9.907362622022628518e-01
-9.904788750410079556e-01
-9.904102295637130515e-01
-9.902012735605240090e-01
-9.904124230146408303e-01
-9.904521602392196700e-01
-9.905438703298569125e-01
-9.904669433832168357e-01
-9.906365966796875089e-01
-9.905647492408752308e-01
-9.909158331155777377e-01
-9.906740951538085538e-01
-9.904685086011886241e-01
-9.904928123950957897e-01
-9.903370708227157149e-01
-9.907653868198394997e-01
-9.905645811557769465e-01
-9.902603346109389859e-01
-9.900976568460464478e-01
-9.905161380767821822e-01
-9.908587116003036988e-01
-9.908919024467468528e-01
-9.906256246566772505e-01
-9.904237085580825939e-01
-9.903743684291839156e-01
-9.903452038764953835e-01
-9.906597846746444391e-01
-9.902994632720947266e-01
-9.904318463802337380e-01
-9.906497478485107866e-01
-9.904103565216064720e-01
-9.903657740354537831e-01
-9.906195765733718517e-01
-9.902657139301299649e-01
-9.905575048923492831e-01
-9.902023607492447255e-01
-9.908475142717361184e-01
-9.906569582223891945e-01
-9.907559794187545954e-01
-9.906226319074630249e-01
-9.906386762857437578e-01
-9.908058363199233609e-01
-9.908051967620850053e-01
-9.904639595746993486e-01
-9.907302522659301447e-01
-9.905385196208953413e-01
-9.905339902639389571e-01
-9.908047735691070113e-01
-9.907214182615280418e-01
-9.908186823129654375e-01
-9.907519561052322565e-01
-9.910427784919738636e-01
-9.911155086755752963e-01
-9.908505845069884854e-01
-9.905327230691909346e-01
-9.909587353467941284e-01
-9.906043946743011697e-01
-9.909346222877501997e-01
-9.906336867809295565e-01
-9.906865131855010498e-01
-9.908294826745986938e-01
-9.908571249246597157e-01
-9.910853558778762729e-01
-9.904457056522368852e-01
-9.909663522243499223e-01
-9.909623402357101707e-01
-9.909898114204406250e-01
-9.908532518148421842e-01
-9.901802587509155318e-01
-9.907359606027603682e-01
-9.912406474351882490e-01
-9.908674627542495283e-01
-9.907468479871749389e-01
-9.909290438890456798e-01
-9.908435004949569525e-01
-9.908146160840988204e-01
-9.904981803894042924e-01
-9.906908410787582664e-01
-9.909468758106231290e-01
-9.907200145721435369e-01
-9.906985956430435225e-01
-9.905766957998275446e-01
-9.905115568637847812e-01
-9.905798143148422108e-01
-9.909292197227478338e-01
-9.905905193090438488e-01
-9.906067425012587968e-01
-9.908369618654251365e-01
-9.905738031864166349e-01
-9.907597732543945712e-01
-9.905367976427078558e-01
-9.903916692733765181e-01
-9.904407197237015126e-01
-9.905848067998885842e-01
-9.902835661172866288e-01
-9.908452975749969527e-01
-9.905608558654784845e-01
-9.905561560392379672e-01
-9.901640897989273382e-01
-9.905523204803466930e-01
-9.908926433324813932e-01
-9.908422762155533192e-01
-9.905799663066864325e-01
-9.904643434286117820e-01
-9.903009241819381581e-01
-9.903434050083160800e-01
-9.908059036731720060e-01
-9.904938143491744951e-01
-9.904956358671188621e-01
-9.907344311475754228e-01
-9.902463138103485552e-01
-9.907879316806793568e-01
-9.902994495630264016e-01
-9.908902871608734619e-01
-9.912613487243652211e-01
-9.902438151836395752e-01
-9.906133055686950906e-01
-9.907932674884796231e-01
-9.908090811967850131e-01
-9.904066735506057428e-01
-9.906325483322143688e-01
-9.902671426534652710e-01
-9.904434537887573109e-01
-9.907520258426666393e-01
-9.899010467529296697e-01
-9.906278359889983953e-01
-9.906443649530410900e-01
-9.906145924329757824e-01
-9.905933630466461359e-01
-9.907478904724120738e-01
-9.908380037546158370e-01
-9.906554114818573176e-01
-9.905563032627106024e-01
-9.907647567987442061e-01
-9.905981451272964922e-01
-9.907547831535339355e-01
-9.904392927885055098e-01
-9.907682198286056341e-01
-9.906072920560836659e-01
-9.906297475099563599e-01
-9.909884566068649647e-01
-9.908228397369385210e-01
-9.903218525648117554e-01
-9.903733080625534146e-01
-9.909752196073532415e-01
-9.903922349214553389e-01
-9.907671552896499811e-01
-9.911236780881881314e-01
-9.910375171899795665e-01
-9.904170721769333108e-01
-9.908344084024429677e-01
-9.905330830812454357e-01
-9.909035336971282470e-01
-9.906744009256363004e-01
-9.903436851501464799e-01
-9.906390386819839966e-01
-9.905597478151321189e-01
-9.911281543970108521e-01
-9.908760750293731379e-01
-9.911993873119354648e-01
-9.909782052040100320e-01
-9.909144520759582964e-01
-9.909205323457718206e-01
-9.908306503295898349e-01
-9.909434425830840887e-01
-9.908552193641662065e-01
-9.909047257900237549e-01
-9.910294777154922130e-01
-9.904865169525146618e-01
-9.904734838008880660e-01
-9.911919975280761852e-01
-9.906775486469269199e-01
-9.905615949630737216e-01
-9.906504392623901589e-01
-9.904736328125000044e-01
-9.902235728502273293e-01
-9.905635249614715976e-01
-9.906458479166030395e-01
-9.901305973529815896e-01
-9.906982827186584517e-01
-9.906762850284576150e-01
-9.906460541486740157e-01
-9.910307878255844027e-01
-9.909650236368179321e-01
-9.906938731670379417e-01
-9.909529381990432872e-01
